Time State
8.25509 0
8.50908 0
8.55779 0
8.56228 0
8.65986 0
8.81092 0
8.86316 0
8.95862 0
9.06409 0
9.2172 0
9.26316 0
9.42073 0
9.51508 0
9.56541 0
9.71576 0
9.77 0
9.86987 0
9.97861 0
10.0738 0
10.1749 0
10.2707 0
10.3738 0
10.476 0
10.5811 0
10.7322 0
10.7786 0
10.8808 0
10.9794 0
11.0829 0
11.2335 0
11.2916 0
11.489 0
11.5364 0
11.6855 0
11.694 0
11.7862 0
11.9401 0
11.9899 0
12.0918 0
12.1915 0
12.2928 0
12.3946 0
12.4956 0
12.5948 0
12.7485 0
12.795 0
12.8958 0
12.9975 0
13.1038 0
13.2005 0
13.3009 0
13.4527 0
13.5021 0
13.6018 0
13.7061 0
13.8094 0
13.9062 0
14.0076 0
14.108 0
14.4112 0
14.4196 0
14.4289 0
14.5086 0
14.6098 0
14.7134 0
14.8145 0
14.9154 0
15.0152 0
15.117 0
15.5902 0
15.6287 0
15.8545 0
15.871 0
16.2497 0
16.2935 0
16.4167 0
16.4536 0
16.704 0
16.7162 0
16.7271 0
16.7422 0
16.754 0
16.765 0
16.8423 0
16.9631 0
17.1008 0
17.2415 0
17.3405 0
17.3869 0
17.487 0
17.5882 0
17.6922 0
17.7889 0
17.8852 0
17.9869 0
18.0874 0
18.2437 0
18.2891 0
18.438 0
18.4918 0
18.5933 0
18.7968 0
18.8093 0
18.8979 0
18.9951 0
19.1963 0
19.206 0
19.4026 0
19.4497 0
19.5002 0
19.6005 0
19.7018 0
19.851 0
19.9064 0
20.0114 0
20.1047 0
20.2587 0
20.4574 0
20.4707 0
20.6122 0
20.912 0
20.9197 0
20.9286 0
20.9394 0
21.0111 0
21.1155 0
21.215 0
21.3696 0
21.4629 0
21.517 0
21.6147 0
21.7213 0
21.8163 0
21.9244 0
22.0209 0
22.1202 0
22.2236 0
22.322 0
22.4219 0
22.5243 0
22.628 0
22.7266 0
22.8266 0
22.9293 0
23.0278 0
23.1283 0
23.2272 0
23.3868 0
23.4806 0
23.5893 0
23.6364 0
23.8321 0
23.8386 0
23.9377 0
24.0375 0
24.1363 0
24.2372 0
24.3391 0
24.4388 0
24.5397 0
24.6397 0
24.7438 0
24.8468 0
24.9446 0
25.1508 0
25.1564 0
25.2967 0
25.3476 0
25.449 0
25.6036 0
25.6505 0
25.7518 0
25.8534 0
25.9541 0
26.1128 0
26.2572 0
26.2631 0
26.3587 0
26.4606 0
26.5606 0
26.7633 0
26.7693 0
26.862 0
26.9633 0
27.0647 0
27.1702 0
27.2754 0
27.374 0
27.5212 0
27.6694 0
27.6771 0
27.7764 0
27.8717 0
27.9719 0
28.073 0
28.1784 0
28.2791 0
28.3757 0
28.4799 0
28.5781 0
28.6797 0
28.8322 0
28.8942 2
28.9978 3
29.1962 3
29.296 3
29.3038 3
29.3916 3
29.4941 3
29.5991 3
29.6912 3
29.7926 3
29.8929 3
29.9954 3
30.1435 3
30.2005 3
30.3007 3
30.3989 3
30.498 3
30.603 3
30.7064 3
30.8105 1
30.9119 3
31.0068 3
31.3552 3
31.4176 3
31.6117 1
31.6213 1
31.6732 3
31.7603 1
31.8617 3
31.9646 1
32.0671 0
32.2126 0
32.2713 0
32.3653 0
32.4654 0
32.6168 0
32.8215 2
32.833 0
32.92 0
33.0269 2
33.0759 0
33.1751 2
33.2782 3
33.3745 1
33.526 0
33.6277 0
33.6782 0
33.7794 0
33.8787 0
33.9807 0
34.082 0
34.1811 0
34.2838 0
34.3825 0
34.4841 0
34.5897 0
34.6859 0
34.7911 0
34.888 0
34.9899 0
35.09 0
35.1922 0
35.3446 2
35.3934 0
35.4935 0
35.644 0
35.7509 0
35.7965 0
35.8985 2
36.0009 0
36.1027 0
36.2104 0
36.3055 0
36.4064 0
36.5022 0
36.6051 0
36.7076 0
36.8075 2
36.9118 0
37.0565 0
37.1132 0
37.2637 0
37.3125 0
37.411 0
37.5164 0
37.6169 0
37.7124 0
37.8156 0
37.9162 0
38.0172 0
38.1176 0
38.2195 0
38.3691 0
38.4205 0
38.5233 2
38.6284 3
38.7226 1
38.9102 0
38.9592 0
39.0542 0
39.201 0
39.2976 0
39.3587 0
39.513 0
39.5673 0
39.851 0
39.9006 0
40.0002 0
40.0995 0
40.3014 0
40.3584 0
40.4041 2
40.5064 0
40.6062 2
40.7051 0
40.8117 0
40.9092 0
41.0142 2
41.1214 3
41.2164 1
41.3158 3
41.424 3
41.5163 1
41.779 0
41.9209 0
41.936 0
41.9812 0
42.0288 0
42.1228 0
42.2217 0
42.3245 2
42.5238 0
42.6768 0
42.6885 0
42.8283 0
42.8365 0
42.932 0
43.0361 2
43.137 3
43.237 1
43.3341 0
43.4426 2
43.5411 0
43.7479 2
43.7621 2
43.8438 0
43.942 2
44.0477 0
44.1446 0
44.2445 0
44.3526 0
44.4529 2
44.5551 3
44.7021 1
44.752 0
44.8581 0
44.951 0
45.0534 0
45.1594 0
45.3627 0
45.3791 0
45.4578 0
45.5561 0
45.6611 0
45.7644 0
45.8633 2
45.9655 3
46.0656 3
46.1693 3
46.2686 1
46.5256 0
46.5348 0
46.5713 0
46.6744 0
46.7711 0
46.9264 0
46.9743 0
47.0781 0
47.1765 0
47.3353 0
47.3797 0
47.4777 2
47.6829 0
47.6936 0
47.8428 2
47.8877 2
47.9852 0
48.0869 2
48.239 3
48.2902 3
48.3913 1
48.4932 0
48.5931 0
48.698 0
48.798 2
48.8956 0
48.9954 0
49.0957 0
49.2005 0
49.3504 2
49.4522 3
49.5572 1
49.6001 1
49.7035 0
49.853 0
49.9067 0
50.0133 0
50.1097 0
50.2067 0
50.3662 2
50.4133 0
50.5135 2
50.6706 0
50.7743 2
50.8168 0
51.1054 0
51.2056 0
51.262 2
51.3608 0
51.4642 2
51.5606 0
51.6664 2
51.8164 3
51.9176 3
51.9677 3
52.0653 3
52.1711 3
52.2737 3
52.368 3
52.4677 3
52.5716 3
52.7252 3
52.9256 3
52.9778 3
52.991 3
53.0794 3
53.1783 3
53.2781 3
53.4301 3
53.4791 3
53.5832 3
53.6894 3
53.8297 3
53.8841 3
53.9883 3
54.0858 3
54.2383 3
54.294 3
54.4393 3
54.4932 3
54.5923 3
54.6942 3
54.7928 3
54.8953 3
54.9955 3
55.0981 3
55.2482 3
55.3047 3
55.6055 3
55.6213 3
55.6577 3
55.7044 3
55.8083 3
55.9049 3
56.009 3
56.1584 3
56.211 3
56.3102 3
56.4102 3
56.5114 3
56.7655 3
56.781 1
56.8782 3
56.92 1
57.0756 0
57.1707 0
57.2277 2
57.325 0
57.4225 0
57.5262 0
57.6351 0
57.7807 0
57.834 0
57.9328 0
58.0377 0
58.1869 0
58.2861 2
58.3329 2
58.4315 0
58.5371 0
58.6919 0
58.7421 0
58.8448 0
58.9438 0
59.0448 0
59.1377 0
59.2419 0
59.3488 0
59.6266 0
59.6811 0
59.7777 0
59.8799 2
59.9832 3
60.0821 1
60.2847 0
60.2965 0
60.3847 0
60.4872 0
60.6362 0
60.6934 0
60.7885 0
60.8939 0
60.9907 0
61.0926 0
61.2003 0
61.2958 0
61.3959 0
61.5033 0
61.6062 0
61.7033 0
61.8086 0
61.9134 0
62.0006 2
62.1011 0
62.2053 0
62.4031 0
62.5662 2
62.5841 2
62.6223 3
62.8181 3
62.829 1
62.9156 0
63.0145 0
63.123 0
63.2215 2
63.3184 3
63.4759 3
63.5276 3
63.6216 3
63.8278 3
63.8438 3
63.9383 3
64.0371 3
64.133 3
64.241 3
64.383 3
64.4352 3
64.5388 3
64.6369 1
64.7396 0
64.9344 0
64.9946 0
65.0396 0
65.145 0
65.2435 0
65.3422 0
65.451 0
65.5516 0
65.6548 0
65.7512 0
65.9046 0
65.9572 2
66.0547 3
66.2551 3
66.3067 3
66.3557 3
66.5039 3
66.6035 3
66.6548 3
66.8079 3
66.9068 3
66.9648 3
67.0605 3
67.1645 3
67.3123 3
67.3632 1
67.469 3
67.5699 3
67.6657 3
67.772 3
67.8759 3
67.9851 3
68.0889 3
68.1842 3
68.3328 1
68.4408 3
68.4817 3
68.5762 1
68.6892 0
68.7825 0
68.9325 0
69.0386 0
69.0918 2
69.187 0
69.2875 0
69.3877 0
69.5487 0
69.642 0
69.6935 0
69.9421 0
69.9612 0
70.0446 0
70.0971 2
70.1943 0
70.3002 0
70.4074 2
70.5124 0
70.6031 0
70.8316 0
70.9413 2
71.0933 0
71.1472 0
71.2378 0
71.3905 0
71.4435 2
71.5992 0
71.6442 0
71.747 0
71.8589 0
71.954 0
72.0526 0
72.1528 0
72.3095 0
72.3586 0
72.4653 0
72.5531 0
72.7045 0
72.8062 0
72.8624 0
72.9591 0
73.0596 0
73.1602 0
73.3599 0
73.4602 0
73.5644 0
73.6328 0
73.6732 0
73.8157 0
73.875 0
73.9695 0
74.1246 0
74.2247 0
74.2724 0
74.3774 0
74.4713 0
74.6282 0
74.7299 0
74.8778 0
74.9009 0
74.9779 0
75.0787 0
75.1779 0
75.2866 0
75.4885 0
75.5128 0
75.5853 0
75.7326 0
75.8386 2
75.891 3
75.991 1
76.0946 0
76.2008 0
76.4073 2
76.4394 0
76.5086 2
76.6027 0
76.7683 2
76.8564 0
76.9092 2
77.0098 0
77.1025 0
77.2053 0
77.4047 0
77.4286 0
77.6061 0
77.6305 0
77.7163 0
77.8638 0
77.9182 0
78.0151 0
78.1174 0
78.2146 0
78.3737 2
78.4185 2
78.5124 0
78.6198 0
78.724 0
78.874 0
78.9325 2
79.0338 0
79.1273 0
79.225 2
79.3832 0
79.48 0
79.5401 0
79.8296 0
79.8821 0
79.9821 2
80.0805 0
80.2422 0
80.4439 0
80.465 0
80.4921 0
80.588 0
80.7386 0
80.8891 0
80.911 2
80.9891 0
81.0916 0
81.2009 2
81.3375 0
81.4054 0
81.4962 0
81.5951 0
81.6947 0
81.853 0
82.0598 0
82.0767 2
82.1036 2
82.2006 3
82.4083 3
82.4621 3
82.5049 3
82.6688 3
82.7101 3
82.8638 3
82.911 3
83.0104 1
83.1127 3
83.2139 3
83.3655 3
83.4159 1
83.5702 3
83.7202 3
83.7429 3
83.8304 3
83.9261 3
84.0323 3
84.1269 3
84.2774 1
84.3325 0
84.4346 0
84.587 2
84.6832 0
84.7852 0
84.8362 0
84.9328 0
85.0344 0
85.1859 0
85.2365 0
85.3362 0
85.4426 0
85.5957 0
85.6958 2
85.7468 0
85.8987 0
85.9515 0
86.0465 0
86.1575 0
86.2479 0
86.3451 0
86.4477 0
86.6001 0
86.6526 0
86.7508 0
86.8523 0
86.9535 0
87.055 0
87.2123 2
87.2589 0
87.4108 0
87.4674 0
87.5589 0
87.7125 0
87.761 0
87.8632 0
87.9682 2
88.0702 3
88.1759 3
88.2738 3
88.3706 1
88.5275 0
88.5775 2
88.6756 3
88.8793 3
88.9318 1
89.0271 0
89.0883 2
89.1794 0
89.3344 0
89.4326 0
89.4841 0
89.6345 0
89.6925 0
89.884 0
89.9107 0
89.9937 0
90.0939 2
90.1874 0
90.2923 0
90.3934 0
90.4971 0
90.6471 0
90.7457 0
90.8106 2
90.9067 3
91.0103 3
91.1065 1
91.3984 0
91.4446 0
91.5444 0
91.6484 2
91.7487 0
91.8538 0
91.9523 0
92.0531 0
92.1573 0
92.2586 0
92.3585 0
92.46 0
92.56 0
92.6602 0
92.7613 0
92.8607 0
92.9668 0
93.0602 0
93.1638 0
93.2631 0
93.3713 0
93.4688 0
93.5751 0
93.772 0
93.8013 0
93.8734 0
93.9749 0
94.08 0
94.1741 0
94.3259 0
94.5285 0
94.5542 0
94.5844 0
94.7315 0
94.9798 0
95.0058 0
95.0397 0
95.0874 0
95.184 0
95.284 0
95.3858 0
95.49 0
95.6492 0
95.9475 0
95.977 2
96.0063 0
96.0449 0
96.1066 0
96.1949 0
96.2968 0
96.4453 0
96.503 0
96.7016 0
96.7338 0
96.8029 0
96.9023 0
97.0028 0
97.1097 0
97.2127 0
97.3095 0
97.4123 2
97.5633 0
97.6127 0
97.7137 0
97.8145 0
97.9188 2
98.0167 0
98.116 0
98.2165 0
98.374 0
98.4306 0
98.5198 0
98.6293 2
98.8746 0
98.9047 0
98.9291 0
99.0266 0
99.1234 0
99.2825 0
99.3331 0
99.4844 0
99.5764 0
99.7388 2
100.065 0
100.084 0
100.117 0
100.169 0
100.277 2
100.429 3
100.53 1
100.581 0
100.685 0
100.774 0
100.88 0
101.039 2
101.135 0
101.187 0
101.336 0
101.397 0
101.54 0
101.648 2
101.696 0
101.795 0
101.898 0
101.989 0
102.087 0
102.188 0
102.292 0
102.395 0
102.494 0
102.594 2
102.749 0
102.844 0
102.909 2
103.001 3
103.105 3
103.205 3
103.303 3
103.455 3
103.507 3
103.71 1
103.732 1
103.815 3
103.911 3
104.017 3
104.115 3
104.218 1
104.322 3
104.426 3
104.516 1
104.626 3
104.723 1
104.826 0
104.929 0
105.027 0
105.132 2
105.23 3
105.331 1
105.428 0
105.529 0
105.64 0
105.783 0
105.893 0
105.94 0
106.046 0
106.133 0
106.235 0
106.386 0
106.486 0
106.538 0
106.635 0
106.74 0
106.9 0
106.944 0
107.041 0
107.144 2
107.25 0
107.4 0
107.541 0
107.567 0
107.697 0
107.747 0
107.853 0
107.945 0
108.048 0
108.15 0
108.251 2
108.406 0
108.458 0
108.556 0
108.709 0
108.86 0
108.885 2
108.961 0
109.063 0
109.16 0
109.267 0
109.361 0
109.466 0
109.615 0
109.667 0
109.768 0
109.874 0
109.974 0
110.071 0
110.173 0
110.27 0
110.375 0
110.526 0
110.578 0
110.677 0
110.831 0
110.88 0
110.981 0
111.081 0
111.185 0
111.336 0
111.437 0
111.489 0
111.593 0
111.686 0
111.791 0
111.941 0
111.995 0
112.099 0
112.194 0
112.351 0
112.447 2
112.55 0
112.6 0
112.701 2
112.858 0
113 0
113.02 0
113.106 0
113.203 0
113.355 0
113.408 0
113.612 0
113.762 0
113.781 0
113.868 0
113.915 0
114.011 0
114.113 0
114.214 0
114.318 0
114.422 0
114.707 0
114.756 0
114.863 0
114.962 0
115.072 2
115.162 0
115.262 0
115.416 0
115.463 0
115.562 0
115.762 0
116.019 0
116.04 0
116.067 0
116.089 0
116.171 0
116.273 0
116.373 0
116.477 0
116.576 0
116.724 0
116.78 0
116.879 0
116.98 0
117.079 0
117.184 0
117.284 0
117.39 0
117.586 0
117.606 0
117.689 0
117.788 0
117.885 0
117.989 0
118.09 0
118.19 0
118.291 0
118.395 0
118.593 0
118.647 0
118.699 0
118.854 0
118.9 0
118.996 0
119.103 0
119.202 0
119.302 0
119.408 0
119.556 0
119.657 0
119.804 0
119.96 0
119.981 0
120.021 2
120.112 0
120.217 0
120.365 0
120.42 2
120.52 0
120.719 0
120.742 2
121.021 0
121.046 0
121.076 0
121.177 0
121.232 0
121.326 0
121.424 0
121.524 0
121.625 0
121.928 0
121.945 0
121.971 0
122.036 2
122.142 3
122.244 3
122.334 1
122.441 3
122.597 3
122.636 1
122.823 3
122.944 3
122.977 3
123.075 3
123.231 3
123.325 3
123.517 3
123.664 3
123.724 3
123.867 3
123.976 3
124.021 3
124.119 3
124.223 3
124.321 3
124.473 3
124.525 3
124.677 3
124.727 3
124.879 3
124.928 3
125.037 3
125.14 3
125.231 3
125.532 3
125.548 3
125.571 3
125.64 3
125.746 3
125.839 3
125.943 3
126.049 3
126.144 3
126.238 3
126.443 3
126.461 3
126.598 3
126.695 3
126.752 3
126.848 3
126.948 3
127.051 3
127.152 3
127.25 3
127.352 3
127.512 3
127.615 3
127.659 3
127.816 3
127.871 3
127.969 3
128.078 3
128.216 3
128.265 3
128.367 3
128.612 3
128.632 3
128.927 3
128.945 3
128.966 3
129.126 3
129.143 3
129.175 3
129.283 3
129.381 3
129.485 3
129.582 3
129.697 3
129.783 3
129.883 3
130.045 3
130.094 3
130.185 3
130.283 3
130.387 3
130.505 3
130.592 3
130.693 3
130.801 3
130.891 3
130.995 3
131.157 3
131.201 3
131.303 3
131.399 3
131.5 3
131.6 3
131.85 3
131.878 3
131.917 3
132.01 3
132.103 3
132.208 3
132.316 3
132.419 3
132.508 1
132.673 0
132.723 0
132.863 0
132.913 0
133.27 2
133.293 0
133.315 0
133.334 0
133.417 0
133.523 0
133.673 0
133.729 0
133.833 0
133.932 0
134.031 0
134.132 0
134.231 0
134.342 0
134.437 0
134.538 0
134.636 0
134.73 0
134.885 0
134.988 0
135.034 0
135.198 0
135.238 0
135.336 0
135.438 0
135.541 0
135.645 0
135.8 2
136.103 0
136.128 0
136.147 0
136.173 0
136.354 0
136.406 0
136.458 0
136.557 0
136.656 0
136.813 0
136.856 0
136.961 0
137.063 0
137.159 0
137.258 0
137.419 0
137.474 0
137.575 0
137.667 0
137.772 0
137.874 0
138.115 0
138.218 0
138.315 0
138.414 2
138.515 3
138.611 3
138.717 3
138.815 3
138.917 3
139.019 3
139.117 3
139.227 3
139.319 3
139.523 3
139.544 3
139.629 3
139.776 3
139.827 3
139.985 3
140.034 3
140.129 3
140.278 3
140.437 3
140.466 3
140.736 3
140.755 3
140.782 3
140.889 3
140.94 3
141.039 3
141.15 3
141.247 3
141.346 3
141.457 3
141.552 3
141.754 3
141.781 3
141.898 3
141.95 3
142.107 3
142.156 3
142.252 3
142.4 3
142.465 3
142.555 3
142.66 3
142.811 3
142.86 3
142.957 3
143.114 3
143.169 3
143.276 3
143.363 3
143.47 1
143.572 3
143.676 1
143.765 0
143.867 0
144.022 0
144.081 2
144.171 0
144.278 0
144.381 0
144.735 0
144.768 0
144.793 2
144.826 2
144.987 0
145.045 0
145.089 0
145.234 0
145.287 0
145.386 0
145.488 0
145.583 0
145.745 2
145.785 0
145.896 2
145.994 3
146.088 3
146.196 3
146.301 3
146.399 3
146.494 3
146.733 3
146.838 3
146.938 3
147.092 3
147.146 3
147.239 3
147.343 3
147.545 3
147.653 3
147.675 3
147.748 3
147.902 3
147.953 3
148.098 3
148.156 3
148.255 3
148.361 3
148.458 3
148.557 3
148.662 3
148.765 3
148.855 3
149.016 3
149.062 3
149.162 3
149.264 3
149.365 3
149.514 3
149.569 3
149.669 3
149.826 3
149.871 3
149.971 3
150.074 3
150.177 3
150.33 3
150.379 3
150.478 3
150.581 3
150.682 3
150.782 3
150.885 3
150.989 3
151.09 3
151.197 3
151.291 3
151.392 3
151.496 3
151.596 1
151.702 0
151.795 0
151.898 0
152.005 0
152.251 0
152.31 0
152.342 0
152.455 0
152.602 0
152.621 0
152.898 0
152.921 0
152.969 0
153.003 0
153.161 0
153.255 0
153.307 0
153.41 2
153.558 3
153.671 3
153.726 3
153.815 3
154.021 3
154.113 3
154.131 3
154.217 3
154.323 3
154.429 3
154.525 3
154.623 3
154.732 3
154.826 3
154.93 3
155.029 3
155.134 3
155.237 3
155.329 3
155.434 3
155.528 3
155.629 3
155.789 3
155.891 3
155.934 3
156.033 3
156.193 3
156.243 3
156.341 3
156.453 3
156.542 3
156.647 3
156.745 3
156.843 3
156.988 3
157.05 3
157.151 1
157.25 0
157.354 2
157.514 3
157.565 3
157.889 1
157.91 1
157.992 0
158.095 0
158.193 0
158.298 0
158.401 0
158.559 0
158.608 0
158.706 0
158.857 0
158.91 0
159.013 0
159.114 0
159.213 0
159.316 0
159.51 0
159.535 0
159.613 0
159.717 0
159.813 0
159.915 0
160.024 0
160.116 0
160.215 0
160.317 0
160.567 0
160.592 0
160.628 0
160.726 0
160.825 0
161.03 0
161.057 0
161.128 0
161.288 0
161.331 0
161.432 0
161.531 0
161.633 0
161.736 0
161.838 0
161.936 0
162.036 0
162.14 0
162.241 0
162.34 0
162.445 0
162.587 0
162.64 0
162.744 0
162.851 0
163 0
163.103 0
163.151 0
163.301 0
163.355 2
163.458 0
163.554 0
163.66 2
163.762 0
163.858 2
163.961 0
164.11 0
164.166 2
164.266 0
164.372 2
164.615 3
164.643 1
164.669 1
164.781 3
164.87 1
165.019 0
165.078 2
165.179 0
165.277 0
165.373 0
165.775 0
165.797 0
165.823 0
165.844 0
165.886 2
165.987 0
166.083 0
166.182 0
166.347 2
166.446 0
166.707 2
166.777 0
166.829 2
166.92 0
167.027 0
167.124 0
167.229 0
167.327 2
167.479 3
167.53 1
167.637 0
167.784 0
167.839 0
167.935 0
168.036 0
168.137 0
168.236 0
168.446 2
168.466 0
168.537 0
168.644 0
168.749 0
168.896 0
168.948 0
169.051 0
169.151 0
169.255 2
169.35 3
169.444 1
169.552 3
169.648 1
169.749 0
169.908 2
170.063 3
170.078 1
170.158 0
170.357 0
170.374 0
170.458 0
170.713 2
170.731 0
170.771 2
170.965 3
170.982 3
171.069 3
171.167 3
171.276 3
171.375 3
171.522 3
171.576 3
171.729 3
171.776 3
171.874 3
172.079 3
172.098 3
172.178 3
172.282 3
172.379 3
172.489 3
172.638 3
172.694 1
172.787 0
172.939 0
172.992 2
173.189 0
173.208 0
173.293 2
173.396 0
173.539 0
173.791 2
173.808 0
173.826 0
173.898 0
174.102 2
174.151 0
174.207 0
174.302 0
174.406 0
174.506 2
174.607 3
174.711 1
174.804 0
174.905 0
175.006 0
175.109 2
175.272 3
175.313 3
175.461 1
175.513 0
175.667 2
175.724 3
175.814 3
175.926 3
176.079 3
176.421 3
176.446 3
176.473 3
176.495 3
176.53 3
176.68 3
176.735 3
176.831 3
176.927 3
177.036 3
177.135 3
177.235 3
177.331 3
177.432 3
177.533 1
177.636 0
177.747 2
177.895 3
178.043 3
178.187 3
178.298 3
178.392 3
178.499 3
178.703 3
178.732 3
178.804 3
179.152 3
179.179 3
179.204 3
179.307 3
179.334 3
179.409 3
179.516 3
179.615 3
179.755 3
179.809 3
180.006 3
180.068 3
180.16 3
180.209 3
180.308 3
180.415 3
180.511 3
180.616 3
180.723 3
180.819 3
180.916 3
181.017 3
181.118 3
181.221 3
181.324 3
181.425 3
181.53 3
181.634 3
181.729 3
182.135 3
182.162 3
182.183 3
182.204 3
182.234 3
182.329 3
182.431 3
182.533 3
182.638 3
182.734 3
182.834 3
182.939 3
183.088 3
183.141 3
183.396 3
183.415 3
183.45 3
183.552 3
183.641 3
183.802 3
183.857 3
183.959 3
184.054 3
184.149 3
184.311 3
184.362 3
184.456 3
184.606 3
184.662 3
184.759 3
184.859 3
185.018 3
185.124 3
185.18 3
185.269 3
185.375 3
185.469 3
185.568 3
185.67 3
185.819 3
185.87 3
185.979 3
186.079 3
186.233 3
186.281 3
186.38 3
186.672 3
186.725 3
186.828 3
187.021 3
187.04 3
187.227 3
187.245 3
187.326 3
187.427 3
187.525 3
187.683 3
187.783 3
187.838 3
187.93 3
188.087 3
188.136 3
188.296 3
188.337 3
188.438 3
188.543 3
188.637 3
188.742 3
188.842 3
189.001 3
189.048 3
189.147 1
189.246 0
189.344 2
189.546 0
189.606 0
189.7 0
189.804 2
189.855 0
190.005 0
190.054 0
190.151 0
190.305 2
190.359 0
190.459 2
190.614 3
190.666 3
190.766 3
190.862 3
190.975 3
191.065 3
191.169 3
191.267 3
191.368 3
191.82 3
191.841 3
192.131 3
192.154 3
192.179 3
192.2 3
192.227 3
192.251 3
192.289 3
192.382 3
192.491 3
192.592 3
192.698 3
192.788 3
192.942 3
193.046 3
193.245 3
193.264 3
193.298 3
193.392 3
193.489 3
193.6 3
193.698 3
193.808 3
193.904 3
194.004 3
194.155 1
194.258 0
194.304 0
194.405 0
194.508 0
194.666 0
194.805 0
194.832 2
194.963 3
195.016 3
195.218 3
195.251 3
195.367 3
195.415 3
195.524 3
195.721 3
195.751 3
195.827 3
195.924 3
196.024 3
196.131 3
196.229 3
196.332 3
196.43 3
196.53 3
196.628 3
196.735 3
196.834 3
197.139 3
197.172 3
197.202 3
197.253 3
197.393 3
197.441 3
197.544 3
197.838 3
197.89 3
197.987 3
198.148 3
198.203 3
198.297 3
198.4 3
198.505 3
198.652 3
198.796 3
198.826 3
198.906 3
199.007 3
199.102 3
199.202 3
199.3 3
199.403 3
199.503 3
199.608 3
199.717 3
199.8 3
199.902 3
200.006 3
200.108 3
200.213 3
200.311 3
200.418 3
200.57 3
200.615 3
200.817 3
201.122 3
201.158 3
201.189 3
201.219 3
201.251 3
201.374 3
201.427 3
201.532 3
201.626 3
201.73 3
201.882 3
201.988 3
202.034 3
202.179 3
202.245 3
202.333 3
202.591 3
202.622 3
202.693 3
202.737 3
203.088 3
203.113 3
203.137 3
203.241 3
203.276 3
203.349 3
203.452 3
203.554 3
203.704 3
203.753 3
203.904 3
204.164 3
204.198 3
204.226 3
204.266 3
204.361 3
204.461 3
204.568 3
204.672 3
204.869 3
204.895 3
204.958 3
205.111 3
205.161 3
205.258 1
205.361 0
205.519 0
205.663 0
205.68 0
205.765 2
205.865 3
206.018 1
206.085 3
206.179 1
206.285 0
206.522 0
206.619 0
206.766 0
206.866 0
207.12 0
207.137 2
207.158 2
207.222 0
207.331 0
207.425 0
207.666 0
207.688 0
207.757 0
207.853 0
207.958 0
208.065 0
208.21 2
208.254 0
208.355 0
208.454 0
208.561 0
208.718 0
208.818 0
208.867 0
209.02 2
209.075 0
209.173 2
209.27 3
209.365 1
209.715 3
209.731 1
209.814 0
209.924 2
209.938 0
209.974 2
210.075 0
210.228 2
210.275 0
210.379 0
210.476 0
210.679 0
210.693 0
210.781 2
210.929 0
210.984 2
211.087 3
211.196 1
211.438 0
211.456 2
211.586 0
211.601 0
211.691 0
211.791 0
211.896 0
211.995 0
212.094 0
212.195 0
212.298 0
212.399 0
212.496 0
212.647 0
212.705 0
212.805 0
212.902 0
213.052 2
213.166 3
213.215 1
213.312 0
213.415 0
213.523 0
213.618 0
213.717 0
213.813 0
213.914 2
214.02 3
214.122 3
214.218 1
214.366 0
214.433 2
214.629 0
214.652 0
214.734 0
214.889 0
214.943 2
215.03 0
215.225 0
215.242 0
215.331 2
215.431 3
215.535 1
215.638 0
215.791 2
215.839 2
216.037 0
216.09 0
216.149 0
216.247 0
216.353 0
216.45 0
216.547 0
216.658 0
216.752 0
216.849 0
216.957 0
217.053 0
217.154 0
217.255 0
217.357 0
217.459 2
217.611 0
217.663 0
217.818 0
217.863 0
218.103 0
218.194 0
218.297 0
218.402 0
218.552 0
218.607 0
218.758 0
218.808 0
219.005 0
219.02 0
219.161 0
219.264 0
219.319 0
219.417 0
219.516 0
219.618 0
219.71 0
219.813 0
219.921 0
220.019 0
220.167 0
220.224 0
220.322 0
220.619 0
220.633 0
220.652 0
220.721 0
220.836 0
221.028 0
221.041 0
221.132 0
221.233 0
221.331 0
221.429 0
221.533 0
221.635 0
221.733 0
221.836 0
221.936 0
222.038 0
222.141 2
222.237 0
222.495 0
222.511 0
222.703 0
222.717 0
222.749 2
222.901 3
222.949 1
223.052 0
223.152 0
223.249 0
223.352 0
223.452 0
223.606 0
223.66 0
223.76 2
223.855 0
223.961 0
224.062 0
224.162 0
224.263 0
224.364 0
224.465 0
224.622 2
224.67 2
224.772 0
225.023 2
225.044 0
225.129 2
225.185 0
225.335 2
225.43 0
225.484 2
225.588 3
225.739 3
225.786 3
225.884 3
226.184 3
226.205 3
226.232 3
226.291 3
226.397 3
226.492 3
226.735 3
226.897 3
226.941 3
227.089 3
227.139 3
227.24 3
227.343 3
227.444 3
227.549 3
227.646 3
227.749 3
227.85 3
227.998 3
228.106 3
228.161 3
228.256 3
228.418 3
228.458 3
228.556 3
228.706 3
228.857 3
229.064 1
229.085 1
229.109 1
229.41 0
229.429 0
229.452 0
229.471 0
229.616 0
229.671 0
229.774 0
229.871 2
229.972 0
230.07 2
230.177 0
230.281 0
230.389 0
230.483 2
230.582 0
230.684 0
230.787 2
230.886 3
230.99 3
231.088 1
231.243 3
231.292 1
231.396 0
231.503 2
231.651 0
231.701 0
231.804 0
231.911 2
232.065 3
232.103 3
232.205 1
232.305 0
232.403 0
232.512 0
232.609 0
232.865 0
232.892 0
232.919 0
233.012 0
233.171 2
233.206 0
233.303 0
233.407 0
233.512 2
233.611 0
233.859 0
233.877 2
233.918 0
234.015 0
234.112 2
234.265 3
234.366 1
234.414 1
234.52 3
234.727 3
234.745 1
234.886 0
234.937 2
235.026 0
235.18 0
235.374 2
235.429 0
235.478 2
235.531 0
235.63 0
235.783 0
235.891 0
235.935 0
236.086 0
236.189 2
236.288 0
236.338 0
236.437 0
236.538 2
236.705 0
236.847 0
236.866 0
236.944 2
237.051 0
237.146 0
237.299 0
237.359 0
237.454 0
237.705 0
237.724 0
237.753 0
237.852 0
237.958 0
238.061 0
238.158 0
238.399 0
238.504 0
238.602 0
238.704 0
238.806 0
238.907 0
239.007 0
239.208 0
239.271 0
239.31 0
239.417 0
239.515 0
239.715 0
239.732 0
239.862 0
239.921 0
240.272 0
240.373 0
240.389 0
240.409 0
240.431 0
240.523 0
240.68 0
240.729 0
240.832 0
241.031 0
241.05 0
241.136 0
241.287 0
241.341 0
241.437 0
241.534 0
241.794 0
241.812 0
241.839 0
241.939 0
242.047 0
242.147 0
242.244 0
242.35 0
242.444 0
242.545 0
242.652 0
242.747 0
242.849 0
243.007 0
243.055 0
243.211 0
243.553 0
243.57 0
243.589 0
243.614 0
243.715 0
243.759 0
243.862 0
243.964 0
244.215 2
244.236 0
244.273 0
244.366 0
244.469 0
244.57 0
244.925 0
244.943 0
244.966 0
245.025 0
245.134 0
245.179 0
245.279 0
245.377 0
245.488 2
245.586 3
245.681 1
245.985 3
246.004 1
246.023 1
246.087 0
246.189 0
246.292 0
246.39 2
246.489 0
246.59 2
246.692 0
246.791 0
246.897 0
246.997 2
247.147 0
247.203 0
247.298 0
247.54 0
247.648 0
247.746 0
247.845 0
248.005 0
248.05 0
248.151 0
248.306 0
248.351 0
248.505 2
248.604 0
248.655 0
248.754 0
248.911 0
249.013 0
249.074 0
249.176 2
249.364 0
249.381 2
249.473 0
249.57 0
249.668 0
249.77 0
250.072 0
250.087 0
250.106 0
250.173 0
250.33 0
250.383 2
250.479 0
250.625 0
250.682 0
250.787 0
250.942 2
250.992 0
251.088 0
251.185 0
251.286 0
251.384 0
251.497 0
251.592 0
251.692 2
251.793 3
251.954 3
252.012 3
252.107 3
252.205 3
252.308 3
252.405 1
252.507 0
252.605 0
252.707 0
252.804 0
252.962 2
253.005 0
253.113 2
253.229 0
253.31 0
253.417 0
253.508 0
253.61 0
253.713 0
253.811 2
253.917 0
254.071 0
254.126 0
254.217 0
254.324 0
254.42 0
254.521 0
254.624 0
254.776 0
254.879 0
254.933 0
255.025 0
255.128 0
255.233 2
255.431 0
255.451 2
255.529 0
255.637 2
255.738 0
255.889 2
255.983 0
256.089 0
256.14 0
256.247 2
256.34 0
256.441 0
256.542 0
256.645 0
257.051 0
257.071 0
257.095 2
257.152 0
257.173 0
257.255 0
257.356 0
257.613 0
257.635 2
257.809 0
257.831 2
257.86 0
258.015 2
258.067 0
258.166 0
258.262 0
258.371 0
258.467 0
258.566 0
258.725 0
258.779 2
258.878 0
259.126 0
259.147 0
259.179 0
259.277 0
259.375 0
259.477 0
259.585 0
259.908 2
259.979 0
260.028 0
260.125 0
260.232 0
260.33 0
260.428 0
260.531 2
260.629 0
260.732 0
260.839 0
260.935 0
261.1 0
261.139 0
261.241 0
261.341 0
261.441 0
261.54 0
261.642 0
261.745 0
261.845 0
261.947 0
262.045 0
262.147 0
262.3 0
262.354 0
262.452 0
262.554 0
262.71 0
262.805 0
262.857 0
262.961 0
263.108 0
263.318 0
263.338 0
263.37 0
263.464 0
263.566 0
263.716 0
263.772 0
263.924 0
263.978 0
264.072 0
264.176 0
264.324 0
264.377 0
264.471 0
264.633 0
264.681 0
264.78 0
264.877 0
264.983 0
265.084 0
265.186 0
265.287 0
265.385 0
265.485 0
265.586 0
265.687 2
265.792 0
265.891 0
265.998 0
266.143 0
266.244 0
266.346 2
266.395 0
266.494 2
266.597 0
266.901 0
266.923 0
266.948 0
267.008 2
267.162 3
267.207 3
267.361 1
267.417 0
267.512 2
267.612 0
267.764 2
267.87 0
267.915 2
268.015 0
268.169 0
268.228 0
268.317 0
268.567 2
268.67 0
268.769 0
268.93 0
268.975 0
269.13 2
269.234 0
269.28 0
269.384 2
269.48 0
269.589 0
269.684 0
269.785 0
270.039 2
270.059 0
270.139 0
270.198 0
270.305 2
270.405 0
270.494 0
270.593 0
270.741 0
270.898 0
270.918 0
271.095 0
271.114 0
271.2 0
271.299 0
271.4 2
271.503 0
271.608 2
271.753 0
271.81 0
271.912 2
272.057 0
272.112 2
272.263 0
272.314 2
272.418 3
272.574 3
272.618 1
272.719 3
272.822 1
272.922 0
273.023 0
273.121 0
273.283 2
273.384 0
273.431 0
273.53 0
273.634 2
273.729 0
273.831 0
273.931 0
274.088 0
274.136 0
274.293 2
274.34 2
274.436 0
274.542 0
274.905 0
274.951 2
274.976 0
275.004 0
275.046 0
275.144 2
275.302 3
275.346 1
275.449 0
275.701 0
275.72 0
275.753 0
275.911 0
276.011 0
276.255 0
276.275 2
276.297 0
276.41 0
276.461 0
276.556 0
276.657 0
276.765 2
276.872 3
277.014 3
277.066 1
277.165 0
277.271 2
277.369 0
277.468 0
277.574 2
277.873 0
277.892 0
277.918 0
277.98 0
278.077 0
278.178 0
278.278 0
278.393 0
278.484 0
278.63 0
278.692 0
278.784 0
278.888 0
278.986 0
279.147 0
279.188 0
279.343 0
279.443 2
279.55 3
279.653 1
279.744 0
280 0
280.057 0
280.15 0
280.254 2
280.353 0
280.46 2
280.552 0
280.711 0
280.763 0
280.864 0
280.966 0
281.071 0
281.177 0
281.268 0
281.369 0
281.47 0
281.574 0
281.676 0
281.773 0
281.868 0
281.976 0
282.131 0
282.19 0
282.28 0
282.379 0
282.478 0
282.579 0
282.783 0
282.813 0
282.891 0
282.987 0
283.085 0
283.187 0
283.288 0
283.387 0
283.486 0
283.595 0
283.69 0
283.847 0
283.892 0
284 0
284.098 0
284.297 2
284.32 0
284.455 0
284.5 0
284.595 0
284.763 0
284.807 0
284.948 0
285.007 0
285.102 0
285.203 0
285.305 0
285.409 0
285.508 0
285.659 0
285.71 2
285.81 0
285.916 0
286.014 0
286.17 2
286.38 0
286.414 0
286.492 0
286.532 0
286.626 0
286.726 0
286.824 2
286.929 0
287.04 0
287.129 0
287.227 0
287.329 0
287.429 2
287.532 3
288.062 1
288.082 1
288.114 3
288.137 1
288.164 1
288.313 0
288.423 0
288.451 0
288.526 0
288.577 0
288.672 0
288.912 0
289.011 0
289.269 0
289.323 0
289.368 0
289.476 0
289.521 0
289.626 2
289.723 0
289.827 0
290.028 0
290.048 0
290.134 0
290.232 0
290.386 0
290.43 0
290.538 0
290.74 2
290.838 0
290.901 0
291.001 0
291.049 0
291.143 2
291.295 0
291.344 0
291.444 0
291.546 0
291.655 2
291.797 0
291.854 0
291.949 0
292.059 2
292.154 0
292.456 0
292.47 0
292.489 0
292.555 0
292.713 0
292.805 0
292.87 2
292.968 0
293.07 2
293.176 3
293.323 1
293.426 3
293.482 3
293.573 1
293.722 0
293.773 0
293.976 0
294.001 2
294.079 0
294.176 0
294.333 0
294.529 0
294.549 0
294.633 0
294.692 0
294.986 0
295.01 2
295.033 0
295.088 2
295.198 0
295.297 2
295.387 3
295.495 3
295.594 1
295.69 0
295.797 0
295.895 0
296 2
296.103 0
296.297 0
296.315 0
296.408 2
296.505 3
296.605 3
296.704 1
296.805 0
296.911 2
297.006 0
297.16 0
297.207 0
297.313 2
297.411 0
297.514 0
297.614 0
297.764 0
297.873 2
297.919 0
298.027 2
298.12 3
298.219 1
298.373 0
298.425 0
298.523 0
298.624 0
298.782 0
298.877 0
298.934 0
299.082 0
299.135 0
299.231 0
299.437 0
299.457 0
299.637 0
299.657 0
299.738 0
299.894 0
299.951 0
300.043 0
300.149 0
300.244 0
300.344 0
300.501 2
300.548 0
300.745 0
300.764 0
300.85 0
300.952 0
301.312 0
301.331 0
301.354 0
301.374 0
301.458 0
301.561 2
301.817 0
301.838 0
301.91 0
301.971 0
302.118 0
302.219 0
302.326 0
302.42 0
302.471 0
302.57 0
302.723 0
302.776 0
302.871 2
302.975 0
303.086 2
303.181 3
303.342 1
303.433 0
303.699 0
303.778 0
303.925 2
303.944 0
304.08 0
304.129 0
304.231 0
304.334 0
304.489 0
304.542 2
304.638 0
304.736 0
304.944 0
304.968 0
305.044 0
305.189 0
305.245 0
305.342 0
305.444 0
305.554 0
305.647 0
305.804 0
306.103 0
306.123 0
306.148 0
306.17 0
306.256 0
306.354 0
306.455 0
306.557 0
306.758 0
306.778 0
306.912 0
306.962 0
307.062 0
307.169 0
307.266 0
307.412 0
307.469 0
307.563 0
307.665 0
307.766 0
307.871 0
307.973 0
308.072 0
308.177 0
308.278 0
308.431 0
308.525 0
308.731 0
308.752 0
308.796 0
308.882 0
309.038 0
309.138 0
309.188 0
309.283 0
309.386 0
309.485 0
309.589 0
309.69 0
309.789 0
310.101 0
310.121 0
310.148 2
310.203 3
310.299 3
310.405 1
310.499 0
310.601 2
310.761 0
310.808 0
310.904 0
311.007 0
311.157 2
311.216 3
311.361 1
311.463 0
311.513 0
311.626 2
311.812 0
311.831 0
311.914 0
312.02 0
312.125 2
312.222 0
312.476 0
312.627 0
312.692 0
312.886 0
312.906 0
313.042 2
313.14 0
313.186 0
313.286 2
313.388 0
313.487 0
313.599 0
313.888 0
313.91 0
313.944 0
314.005 0
314.106 0
314.207 2
314.3 0
314.405 0
314.508 2
314.597 0
314.753 0
314.809 0
314.907 0
315.003 0
315.156 2
315.258 0
315.311 2
315.458 0
315.506 0
315.606 0
315.706 0
315.81 0
315.966 0
316.018 2
316.319 3
316.337 1
316.362 3
316.418 1
316.568 0
316.623 2
316.721 0
316.836 2
316.931 0
317.03 0
317.142 2
317.237 0
317.344 0
317.438 2
317.539 0
317.693 0
317.747 0
317.849 0
317.944 0
318.053 0
318.355 0
318.382 0
318.408 0
318.452 0
318.549 0
318.653 0
318.753 0
318.908 0
318.957 0
319.065 0
319.168 0
319.265 0
319.365 0
319.472 0
319.561 0
319.665 0
319.811 0
319.868 0
320.03 2
320.128 0
320.171 0
320.274 0
320.473 0
320.532 2
320.582 3
320.684 3
320.824 1
320.889 0
320.979 0
321.089 2
321.238 0
321.34 2
321.438 0
321.49 0
321.593 0
321.747 2
321.79 0
321.941 0
322.044 0
322.206 0
322.243 0
322.298 0
322.402 0
322.501 0
322.599 0
322.7 0
322.811 0
322.906 0
323.003 0
323.109 0
323.21 0
323.314 2
323.462 0
323.656 0
323.76 0
323.861 2
324.021 0
324.067 2
324.168 0
324.267 0
324.42 2
324.478 0
324.575 0
324.674 0
324.781 0
324.883 0
324.986 0
325.137 0
325.201 0
325.291 0
325.492 0
325.552 0
325.6 0
325.691 0
325.804 2
325.897 0
325.995 0
326.142 0
326.201 0
326.298 0
326.399 0
326.508 0
326.604 0
326.704 0
326.805 0
326.904 0
327.009 0
327.111 0
327.264 0
327.315 0
327.415 0
327.513 0
327.613 0
327.764 0
327.82 0
328.023 0
328.049 0
328.127 0
328.226 0
328.322 0
328.43 0
328.578 0
328.648 2
328.734 0
328.887 0
329.034 0
329.061 0
329.143 0
329.242 0
329.437 0
329.462 0
329.545 0
329.644 2
329.747 0
329.847 2
329.953 0
330.048 2
330.205 0
330.252 0
330.359 0
330.458 0
330.559 0
330.711 0
330.771 0
330.864 0
330.967 0
331.12 0
331.218 0
331.277 0
331.368 0
331.476 2
331.567 0
331.72 0
331.771 0
331.874 0
331.972 0
332.081 2
332.328 3
332.551 1
332.582 1
332.634 0
332.74 0
332.844 0
333.249 0
333.28 0
333.312 2
333.344 0
333.452 0
333.488 0
333.562 0
333.644 0
333.751 0
333.861 0
333.958 2
334.119 0
334.219 2
334.324 0
334.376 0
334.464 0
334.563 0
334.713 0
334.759 0
334.86 2
334.964 0
335.067 2
335.17 0
335.32 0
335.464 0
335.488 2
335.57 0
335.674 2
335.777 0
335.871 0
336.23 0
336.261 2
336.29 2
336.382 0
336.408 0
336.488 0
336.586 0
336.686 0
336.848 2
336.994 0
337.023 0
337.106 0
337.204 2
337.346 0
337.402 0
337.553 0
337.609 0
337.707 0
337.798 0
337.902 0
338.002 0
338.103 0
338.256 0
338.309 0
338.405 0
338.508 0
338.609 2
338.709 0
338.867 2
338.918 3
339.021 3
339.117 1
339.271 3
339.367 1
339.467 0
339.52 0
339.625 2
339.719 0
339.826 2
339.923 0
340.032 0
340.183 0
340.235 0
340.335 2
340.486 0
340.54 0
340.631 0
340.736 0
340.844 2
340.938 0
341.042 0
341.139 2
341.242 0
341.345 2
341.49 0
341.552 2
341.668 3
341.759 1
341.917 0
341.957 0
342.064 0
342.161 0
342.264 2
342.436 0
342.523 0
342.616 0
342.675 0
342.772 0
342.893 0
342.974 0
343.07 0
343.173 0
343.279 0
343.38 0
343.474 0
343.584 0
343.676 0
343.845 0
343.886 0
343.987 0
344.149 0
344.251 0
344.298 0
344.54 0
344.643 0
344.741 0
344.997 0
345.025 0
345.064 2
345.262 3
345.296 3
345.363 1
345.462 0
345.618 0
345.667 0
345.769 0
345.87 0
346.016 0
346.082 0
346.168 0
346.318 0
346.378 0
346.775 0
346.805 0
346.836 0
346.87 0
347 0
347.032 0
347.101 0
347.197 0
347.285 0
347.388 0
347.488 0
347.59 0
347.694 0
347.797 0
347.892 0
347.994 0
348.094 0
348.196 0
348.305 0
348.403 0
348.502 0
348.597 0
348.698 0
348.804 0
348.901 0
349.108 2
349.143 0
349.214 0
349.311 0
349.456 0
349.521 0
349.61 0
349.719 0
349.862 0
349.915 0
350.221 0
350.245 0
350.279 2
350.329 0
350.476 0
350.525 0
350.63 0
350.725 0
350.826 0
350.975 0
351.038 2
351.13 0
351.332 0
351.359 0
351.432 0
351.597 0
351.64 2
351.739 3
351.844 3
352.05 1
352.081 1
352.151 0
352.246 0
352.454 0
352.48 0
352.549 0
352.658 2
352.754 0
353.249 0
353.271 0
353.295 0
353.321 0
353.415 2
353.516 0
353.617 0
353.714 0
353.818 0
353.92 0
354.026 0
354.132 2
354.284 0
354.428 0
354.455 0
354.53 0
354.627 0
354.731 0
354.844 0
354.947 0
355.043 0
355.139 0
355.241 0
355.335 0
355.445 0
355.543 2
355.641 0
355.746 0
355.843 0
355.953 0
356.051 0
356.151 0
356.259 0
356.351 2
356.45 0
356.552 2
356.652 0
356.91 2
356.934 0
356.964 0
357.058 2
357.168 3
357.265 1
357.36 0
357.512 0
357.575 2
357.665 0
357.822 2
357.87 0
357.979 2
358.169 0
358.279 2
358.308 2
358.441 0
358.533 0
358.636 0
358.688 0
358.789 0
358.89 0
358.988 0
359.138 0
359.198 0
359.296 0
359.399 2
359.496 3
359.598 1
359.7 0
359.798 0
359.906 0
360.05 0
360.164 0
360.263 0
360.306 0
360.409 2
360.556 0
360.611 0
360.704 0
360.805 0
360.915 2
361.111 0
361.263 0
361.291 0
361.375 2
361.415 0
361.516 0
361.618 0
361.715 0
361.819 2
361.925 3
362.122 1
362.328 3
362.358 1
362.392 1
362.434 0
362.538 0
362.629 0
362.735 0
362.836 0
362.937 0
363.051 2
363.143 0
363.242 0
363.34 0
363.443 0
363.595 0
363.644 0
363.743 0
363.895 0
363.999 0
364.049 0
364.153 0
364.26 0
364.355 2
364.451 0
364.551 0
364.656 2
364.754 0
364.86 0
364.968 0
365.074 0
365.166 0
365.416 0
365.573 0
365.627 2
365.72 0
365.831 0
366.038 0
366.07 0
366.137 0
366.235 0
366.334 0
366.493 0
366.543 0
366.637 0
366.736 0
366.844 0
367.044 0
367.077 0
367.204 0
367.248 0
367.346 0
367.454 0
367.549 0
367.658 0
367.749 0
367.858 0
367.957 0
368.258 0
368.281 0
368.315 0
368.362 0
368.511 0
368.613 0
368.662 0
368.768 0
368.869 0
368.97 0
369.07 0
369.175 0
369.267 0
369.369 0
369.469 0
369.569 0
369.674 0
369.821 0
369.876 0
370.027 0
370.131 0
370.184 0
370.285 0
370.379 0
370.488 0
370.581 0
370.688 2
370.785 0
370.944 0
371 2
371.147 3
371.197 1
371.347 0
371.404 0
371.502 0
371.597 0
371.7 0
371.81 0
372.101 0
372.131 0
372.209 0
372.238 0
372.307 0
372.407 0
372.583 0
372.688 2
372.793 0
372.893 0
372.994 0
373.087 2
373.179 0
373.281 0
373.384 2
373.481 0
373.582 0
373.683 0
373.791 0
373.947 0
374.042 0
374.25 0
374.335 0
374.497 2
374.6 0
374.91 2
374.943 2
374.972 0
375.008 0
375.109 0
375.163 2
375.318 0
375.369 0
375.562 0
375.715 0
375.754 2
375.783 0
375.86 0
376.016 0
376.125 0
376.17 0
376.315 0
376.369 0
376.471 0
376.618 0
376.673 0
376.771 0
377.07 0
377.089 0
377.118 0
377.181 2
377.281 3
377.431 3
377.481 1
377.58 0
377.678 0
377.835 2
377.935 0
378.042 0
378.135 0
378.197 2
378.301 3
378.395 1
378.494 3
378.598 3
378.705 3
378.798 3
378.898 3
379.05 1
379.102 0
379.205 0
379.298 0
379.409 0
379.51 2
379.612 0
379.709 0
379.812 0
379.914 0
380.012 0
380.166 0
380.217 0
380.318 0
380.419 0
380.516 2
380.617 0
380.723 2
380.821 3
380.929 1
381.082 3
381.224 1
381.328 0
381.481 0
381.507 0
381.538 0
381.631 0
381.728 0
381.934 2
381.959 0
382.089 0
382.188 0
382.241 0
382.34 2
382.495 0
382.541 0
382.644 2
382.746 0
382.845 0
382.949 2
383.048 0
383.157 2
383.451 0
383.474 2
383.505 2
383.559 0
383.705 0
383.763 0
383.868 0
383.965 0
384.069 0
384.17 0
384.264 0
384.427 0
384.672 0
384.698 0
384.728 0
384.838 0
384.886 0
384.987 0
385.083 0
385.288 0
385.314 0
385.396 0
385.491 0
385.592 0
385.734 0
385.796 0
385.951 0
386.004 0
386.098 0
386.196 0
386.299 0
386.397 0
386.546 0
386.658 2
386.707 0
386.801 0
386.898 0
387.002 2
387.108 0
387.26 0
387.313 0
387.469 0
387.514 0
387.61 0
387.711 0
387.911 0
388.072 2
388.098 0
388.136 0
388.228 2
388.316 0
388.422 0
388.524 2
388.671 0
388.721 0
388.826 0
388.923 0
389.028 0
389.131 0
389.225 0
389.326 0
389.428 0
389.529 0
389.633 0
389.731 0
389.833 0
389.989 0
390.036 2
390.142 3
390.234 3
390.335 3
390.439 3
390.542 3
390.653 3
390.741 3
390.894 3
391.045 3
391.063 3
391.209 3
391.308 3
391.399 3
391.451 3
391.558 3
391.65 3
391.755 3
391.856 3
392.012 3
392.063 3
392.219 3
392.408 3
392.426 3
392.474 3
392.566 3
392.666 3
392.764 3
392.876 3
392.977 3
393.081 3
393.276 3
393.292 3
393.383 3
393.534 3
393.582 3
393.678 3
393.78 1
393.935 0
394.286 0
394.3 0
394.322 0
394.345 0
394.39 0
394.492 0
394.592 0
394.748 0
394.808 0
394.942 0
395.159 2
395.207 2
395.237 3
395.31 3
395.411 3
395.555 3
395.658 3
395.71 3
395.807 3
395.917 3
396.054 3
396.105 3
396.204 3
396.308 3
396.409 3
396.505 3
