Time State
8.16482 0
8.26404 0
8.36582 0
8.4678 0
8.61083 0
8.66454 0
8.76282 0
8.86418 0
8.96571 0
9.06565 0
9.27085 0
9.27578 0
9.41948 0
9.47591 0
9.57128 0
9.67339 0
9.77979 0
9.88466 0
9.97427 0
10.1359 0
10.1852 0
10.3301 0
10.3797 0
10.4843 0
10.7887 0
10.7956 0
10.8024 0
10.8823 0
10.988 0
11.0869 0
11.1879 0
11.2885 0
11.3883 0
11.4894 0
11.5913 0
11.6896 0
11.7918 0
11.8964 0
12.0482 0
12.0988 0
12.2011 0
12.398 0
12.4518 0
12.4983 0
12.6041 0
12.697 0
12.7984 0
12.901 0
13.0026 0
13.1617 0
13.2047 0
13.3546 0
13.4552 0
13.5063 0
13.6652 0
13.7048 0
13.8155 0
13.9085 0
14.0065 0
14.2108 0
14.2639 0
14.3098 0
14.4131 0
14.5178 0
14.6122 0
14.8174 0
14.8278 0
14.9127 0
15.0177 0
15.1177 0
15.9154 0
15.9682 0
16.4212 0
16.4521 0
16.4789 0
16.5521 0
16.5697 0
16.7907 0
16.8004 0
16.8122 0
16.8269 0
16.8431 0
16.8919 0
16.9042 0
17.073 0
17.1355 0
17.3288 0
17.3418 0
17.4784 0
17.5901 0
17.6316 0
17.733 0
17.8319 0
17.9349 0
18.0338 0
18.1868 0
18.2812 0
18.4342 0
18.4454 0
18.5383 0
18.6354 0
18.7917 0
18.8443 0
18.9899 0
19.1379 0
19.1495 0
19.2407 0
19.3384 0
19.445 0
19.5432 0
19.6425 0
19.7438 0
19.8452 0
19.9458 0
20.0448 0
20.2136 0
20.3592 0
20.3769 0
20.6079 0
20.6198 0
20.6539 0
21.0029 0
21.0158 0
21.0278 0
21.1047 0
21.1597 0
21.2574 0
21.3582 0
21.4583 0
21.5581 0
21.6606 0
21.758 0
21.8628 0
21.9602 0
22.1175 0
22.1642 0
22.2652 0
22.3634 0
22.4643 0
22.6692 0
22.6785 0
22.7688 0
22.8739 0
22.9704 0
23.1719 0
23.2285 0
23.3189 0
23.4318 0
23.4805 0
23.5746 0
23.8252 0
23.9765 0
23.9841 0
23.9932 0
24.0804 0
24.2347 0
24.2814 0
24.3806 0
24.4845 0
24.6317 0
24.6812 0
24.7886 0
24.8878 0
25.0359 0
25.24 0
25.2494 0
25.2895 0
25.3901 0
25.5412 0
25.5953 0
25.8954 0
25.9009 0
25.9077 0
26.0463 0
26.094 0
26.2489 0
26.4949 0
26.5981 0
26.6041 0
26.7039 0
26.7103 0
26.8031 0
26.9001 0
27.0054 0
27.1625 0
27.2071 0
27.3589 0
27.4079 0
27.5087 0
27.6065 0
27.7106 0
27.808 0
27.9091 0
28.0592 0
28.116 0
28.361 0
28.5127 0
28.5188 0
28.5252 0
28.6157 0
28.7148 0
28.8155 0
28.9216 0
29.0346 2
29.177 3
29.2253 3
29.3262 3
29.4305 3
29.5791 3
29.6753 3
29.7307 3
29.831 3
29.9309 3
30.1303 3
30.1435 3
30.286 3
30.4383 3
30.4488 1
30.5399 0
30.6399 2
30.8449 0
30.8612 0
30.941 2
31.1959 3
31.2938 3
31.3876 3
31.5421 3
31.5877 3
31.6889 3
31.7974 3
31.8896 3
32.0432 1
32.0955 0
32.2466 0
32.3479 0
32.5489 0
32.5645 2
32.6066 2
32.8979 3
32.9132 3
33.0015 3
33.0149 3
33.101 3
33.2001 3
33.3037 3
33.5069 3
33.5196 3
33.656 3
33.7062 3
33.805 3
33.9062 3
34.0619 3
34.1089 3
34.2117 3
34.3614 3
34.4635 3
34.5141 3
34.7139 3
34.8204 3
34.8339 3
34.9199 3
35.2179 3
35.2329 3
35.2515 1
35.3223 0
35.4257 0
35.6241 0
35.6385 0
35.7755 0
35.8243 0
35.9249 0
36.075 0
36.1254 0
36.2317 0
36.3813 0
36.4339 0
36.5309 2
36.6911 0
36.7314 0
36.8335 0
36.9345 0
37.086 0
37.1337 0
37.2341 0
37.3358 0
37.4841 0
37.5371 0
37.6462 2
37.742 3
37.8414 3
37.9412 1
38.1432 0
38.1545 0
38.2441 0
38.3475 0
38.4929 0
38.5497 0
38.6997 0
38.7506 0
38.8466 0
38.9527 0
39.1486 0
39.158 0
39.2572 0
39.359 0
39.4626 0
39.6143 0
39.6652 0
39.7666 0
39.8667 0
40.1373 0
40.2497 0
40.3031 0
40.502 0
40.5122 0
40.6542 0
40.7104 0
40.804 0
40.9047 0
41.0089 0
41.1104 0
41.2069 0
41.307 0
41.4078 0
41.5091 0
41.6163 0
41.7678 0
41.8239 0
41.9134 0
42.0134 0
42.1192 0
42.2198 0
42.3673 0
42.4151 0
42.5172 0
42.6175 0
42.7216 2
42.8728 3
42.9218 3
43.0229 3
43.123 1
43.2283 0
43.3363 0
43.4785 2
43.5325 0
43.6348 2
43.7922 3
43.8437 3
43.9894 3
44.0442 3
44.1398 3
44.2879 3
44.3936 3
44.4517 3
44.5528 3
44.6518 3
44.7477 3
44.8492 3
44.9482 1
45.0494 0
45.1508 0
45.2553 0
45.4019 0
45.5533 0
45.5738 0
45.6541 0
45.8059 0
45.9507 0
45.974 0
46.0563 0
46.3052 0
46.3228 0
46.3622 0
46.5072 0
46.5558 0
46.6548 0
46.809 2
46.8619 0
47.0118 0
47.0619 0
47.1657 0
47.4675 0
47.4818 2
47.5002 0
47.5691 0
47.6735 2
47.7698 0
47.8692 2
47.9755 3
48.0766 3
48.2274 1
48.2774 0
48.3763 0
48.4899 0
48.7449 0
48.7678 0
48.8332 2
48.8919 3
48.9965 3
49.1828 1
49.2027 1
49.3357 3
49.4353 1
49.4913 3
49.6904 1
49.7054 1
49.836 0
49.937 0
49.9893 0
50.0896 0
50.1882 0
50.2888 0
50.393 0
50.4964 2
50.5914 0
50.6918 0
50.7928 0
50.8945 0
50.9953 0
51.1546 2
51.2072 3
51.301 3
51.4093 3
51.7522 3
51.7703 1
51.8993 3
51.9975 3
52.0448 1
52.1502 3
52.2552 3
52.3514 1
52.5576 0
52.5802 0
52.7048 0
52.802 0
52.8558 0
52.9615 0
53.0528 0
53.156 0
53.2565 0
53.3568 0
53.5591 0
53.5812 0
53.7625 0
53.7838 0
53.9612 0
53.9815 0
54.1155 0
54.2135 0
54.2675 0
54.4207 0
54.5667 0
54.5873 0
54.7296 0
54.7901 0
54.8743 0
54.9728 0
55.1281 0
55.2756 0
55.3008 0
55.3773 0
55.4809 0
55.5731 0
55.6805 0
55.8347 0
55.8782 0
55.9773 0
56.1465 0
56.2813 0
56.3011 0
56.5878 0
56.6066 0
56.6327 0
56.6882 0
56.8385 0
56.8921 2
56.9916 0
57.0915 0
57.2012 0
57.3477 0
57.4034 0
57.491 0
57.6461 2
57.6965 3
57.7951 1
57.895 0
58.0479 0
58.1051 0
58.2019 0
58.299 0
58.4034 0
58.5059 2
58.606 0
58.7571 0
58.8547 2
59.1277 0
59.1612 0
59.1889 0
59.2284 0
59.3236 0
59.5205 0
59.7217 0
59.7429 0
59.7696 0
59.8345 0
59.9876 0
60.0315 2
60.1441 0
60.2476 2
60.341 3
60.5821 1
60.735 0
60.7898 0
60.8869 2
60.9917 0
61.094 2
61.1918 3
61.3939 1
61.4107 1
61.4918 0
61.5908 0
61.6941 2
61.8461 0
61.8971 0
61.996 0
62.149 0
62.2612 0
62.3044 0
62.5562 0
62.5744 0
62.6107 0
62.7077 0
62.803 0
62.9035 2
63.0071 0
63.21 0
63.2396 0
63.3095 0
63.6605 0
63.6786 0
63.7025 2
63.7664 0
63.863 0
63.9168 0
64.0166 0
64.316 0
64.3395 2
64.3641 0
64.5197 0
64.5385 2
64.6739 0
64.7239 0
64.834 2
64.9304 3
65.0318 3
65.1788 1
65.2843 0
65.3817 0
65.43 0
65.588 0
65.6367 2
65.7931 0
65.8453 2
65.9335 0
66.0361 0
66.1456 0
66.3379 0
66.3994 0
66.4389 0
66.5427 0
66.6463 0
66.8023 2
66.8521 2
66.9543 3
67.0468 3
67.1503 1
67.2526 3
67.4038 3
67.4616 1
67.5576 0
67.6573 0
67.7538 0
67.8498 0
67.9552 2
68.0602 3
68.1561 1
68.2625 3
68.3665 3
68.4572 1
68.5641 3
68.6629 1
68.8153 3
68.8643 3
68.9649 1
69.0636 0
69.1742 2
69.2713 0
69.3665 0
69.6395 2
69.6666 0
69.6945 0
69.8316 2
69.9292 0
69.9789 0
70.0748 0
70.1813 0
70.2783 0
70.3784 0
70.5298 0
70.6359 0
70.7337 0
70.9572 0
70.9863 0
71.0193 0
71.1006 0
71.1939 0
71.2929 0
71.3917 0
71.4901 0
71.6894 0
71.7174 0
71.793 0
71.9476 0
71.9949 0
72.3459 0
72.3698 0
72.396 0
72.555 0
72.6994 0
72.7233 0
72.7513 0
72.8003 0
72.9036 0
73.0015 0
73.1544 0
73.2537 0
73.502 0
73.5284 0
73.5554 0
73.6118 0
73.7059 0
73.9581 0
73.9861 0
74.0631 0
74.115 0
74.212 0
74.4109 0
74.4368 0
74.5188 0
74.6227 0
74.721 0
74.819 0
74.9228 0
75.0327 0
75.1219 0
75.2217 0
75.329 0
75.4768 0
75.5288 2
75.6235 0
75.8808 0
75.9112 2
75.9344 0
76.0255 0
76.18 0
76.2778 0
76.3313 2
76.4386 3
76.5395 3
76.6923 3
76.738 1
76.8443 3
76.9393 1
77.0986 3
77.1419 3
77.2414 1
77.3581 3
77.4982 1
77.6802 3
77.7848 1
77.937 0
77.9824 0
78.0876 0
78.1945 0
78.3398 0
78.3945 0
78.4887 0
78.6925 0
78.7319 0
78.8496 0
78.9537 0
79.0489 0
79.1005 0
79.2049 0
79.3999 0
79.4352 0
79.5044 0
79.5965 0
79.6992 0
79.8008 0
79.9111 0
80.0063 0
80.1028 0
80.2084 0
80.3128 0
80.4153 0
80.5117 0
80.6138 0
80.7155 0
80.815 0
80.9188 0
81.0271 0
81.1657 0
81.3171 0
81.3524 0
81.5195 0
81.5574 0
81.6266 0
81.7744 0
82.0176 0
82.0434 0
82.0794 0
82.2834 0
82.3157 0
82.3863 0
82.4294 0
82.5299 0
82.6334 0
82.7278 0
82.8276 0
82.9348 2
83.0374 3
83.1915 3
83.3358 3
83.3705 1
83.5374 0
83.5801 2
83.695 0
83.8453 2
83.9977 0
84.0311 0
84.0691 0
84.2486 0
84.2933 0
84.3581 2
84.4506 0
84.8068 0
84.8359 0
84.8719 2
84.9519 0
84.9895 0
85.0542 0
85.1506 0
85.2972 0
85.3542 0
85.4524 2
85.5508 0
85.6495 0
85.7513 0
85.8662 2
85.9542 0
86.0516 0
86.2599 0
86.2868 0
86.5438 0
86.5941 2
86.695 3
86.845 1
86.9488 0
87.0009 0
87.1031 0
87.2004 0
87.3005 0
87.4585 2
87.5145 3
87.6105 3
87.71 1
87.8179 3
87.9154 1
88.0101 0
88.1238 0
88.2156 0
88.3116 0
88.4125 0
88.6138 0
88.6415 0
88.7222 0
88.8181 0
88.9198 0
89.0226 0
89.1765 2
89.3214 3
89.4791 3
89.5081 3
89.5328 3
89.629 1
89.7383 3
89.8293 1
89.9306 3
90.0345 3
90.2408 3
90.2777 3
90.3928 3
90.4401 3
90.5478 3
90.6496 1
90.8471 3
90.888 3
90.9478 3
91.0525 3
91.1464 3
91.2505 3
91.3535 3
91.5104 3
91.5535 3
91.6528 3
91.7518 3
91.857 3
91.9574 3
92.1125 3
92.1578 3
92.2556 3
92.4527 3
92.4937 3
92.6114 1
92.6725 3
92.8223 3
92.8707 3
92.9689 3
93.0706 3
93.2178 1
93.3158 0
93.3663 0
93.5215 0
93.7696 2
93.8106 2
93.8522 3
93.8899 1
93.9746 0
94.0726 0
94.1732 2
94.3797 0
94.4207 0
94.5295 2
94.5899 3
94.6804 3
94.7837 3
94.8867 3
94.9836 3
95.0834 3
95.1876 3
95.2927 3
95.3909 3
95.4981 3
95.7448 3
95.7817 3
95.8243 3
95.8955 3
95.9956 3
96.0951 3
96.2029 3
96.2973 3
96.4046 3
96.5029 3
96.6105 3
96.7039 3
96.8058 3
96.9056 3
97.0027 3
97.1092 3
97.3634 3
97.4034 3
97.4545 3
97.5256 3
97.6195 3
97.7158 1
97.9478 0
98.0499 0
98.1537 0
98.2543 0
98.3545 0
98.4583 0
98.5595 2
98.6618 0
98.7651 0
98.8583 0
98.9635 0
99.0668 0
99.1622 0
99.3644 0
99.4079 0
99.4671 0
99.6197 0
99.6753 0
99.7734 0
99.8701 0
99.9704 0
100.075 0
100.174 0
100.271 0
100.634 0
100.669 0
100.709 0
100.83 0
100.868 0
100.938 0
100.988 0
101.081 0
101.179 0
101.284 0
101.399 0
101.489 0
101.588 0
101.687 0
101.788 0
101.895 0
101.988 0
102.143 0
102.247 0
102.298 0
102.493 0
102.534 0
102.692 0
102.751 0
102.896 0
102.937 0
102.998 0
103.165 0
103.204 0
103.3 0
103.51 0
103.552 2
103.757 0
103.798 0
103.839 0
103.907 0
104.008 0
104.117 0
104.217 0
104.363 0
104.417 0
104.573 0
104.625 2
104.714 0
104.817 0
105.019 2
105.064 0
105.125 0
105.22 0
105.386 2
105.433 0
105.525 0
105.725 2
105.77 0
105.833 0
105.928 2
106.043 3
106.135 1
106.283 0
106.436 0
106.658 0
106.743 0
106.829 2
106.975 0
107.03 0
107.129 0
107.226 0
107.339 2
107.442 3
107.637 3
107.673 3
107.737 3
107.84 3
107.941 3
108.088 3
108.144 3
108.246 3
108.349 3
108.468 3
108.552 3
109.006 3
109.045 3
109.082 1
109.113 1
109.151 0
109.2 0
109.248 0
109.347 0
109.454 2
109.606 0
109.656 0
109.757 2
109.854 3
109.951 1
110.062 3
110.156 1
110.319 3
110.364 3
110.46 1
110.56 0
110.672 2
110.765 3
110.868 3
110.969 3
111.078 3
111.22 3
111.276 3
111.423 3
111.473 3
111.593 3
111.681 3
111.834 3
111.885 3
111.984 3
112.077 3
112.279 3
112.32 3
112.383 3
112.492 3
112.586 3
112.683 3
112.784 3
112.888 3
112.992 3
113.086 3
113.289 3
113.326 3
113.391 3
113.496 3
113.588 3
113.752 3
113.845 3
113.947 3
114 3
114.145 3
114.192 3
114.35 3
114.395 1
114.495 0
114.603 0
114.698 0
114.8 0
114.897 0
115 0
115.101 0
115.199 0
115.356 2
115.663 3
115.696 3
115.731 3
115.77 3
115.878 3
115.912 3
116.029 3
116.115 3
116.215 3
116.367 3
116.415 3
116.567 3
116.621 3
116.714 3
116.969 3
117.006 3
117.044 3
117.116 1
117.22 0
117.319 0
117.42 0
117.52 0
117.681 0
117.726 0
117.927 2
117.969 2
118.156 0
118.265 0
118.568 0
118.6 0
118.631 0
118.675 0
118.922 0
118.956 0
118.987 0
119.076 0
119.176 0
119.275 0
119.383 0
119.479 0
119.586 0
119.731 0
119.787 2
119.937 0
119.984 0
120.084 0
120.187 0
120.293 0
120.392 0
120.545 0
120.588 0
120.746 0
120.789 0
120.893 0
120.99 0
121.096 0
121.252 0
121.3 0
121.548 0
121.756 0
121.788 0
121.897 0
121.933 0
122.056 0
122.09 0
122.122 0
122.205 0
122.304 0
122.408 0
122.508 0
122.603 0
122.704 0
122.82 2
122.962 0
123.013 0
123.111 0
123.212 0
123.363 0
123.615 0
123.651 0
123.688 0
123.766 0
123.87 0
123.969 0
124.021 2
124.122 0
124.279 0
124.328 0
124.428 2
124.521 0
124.674 0
124.729 2
124.827 0
124.925 0
125.027 0
125.127 0
125.329 0
125.367 0
125.48 0
125.536 0
125.642 2
125.74 0
125.938 2
125.975 0
126.041 2
126.136 0
126.239 0
126.339 0
126.493 0
126.604 0
126.698 0
126.946 0
126.999 0
127.148 0
127.207 2
127.305 0
127.503 0
127.531 0
127.603 0
127.706 0
127.808 0
127.913 0
128.011 0
128.111 0
128.214 0
128.312 0
128.415 0
128.569 0
128.671 0
128.762 0
128.824 0
128.973 0
129.168 0
129.195 0
129.225 2
129.373 0
129.425 0
129.525 0
129.72 0
129.785 2
129.826 0
130.035 2
130.068 0
130.134 0
130.226 0
130.384 2
130.437 0
130.538 2
130.63 0
130.735 2
130.832 0
131.037 0
131.065 0
131.136 0
131.449 0
131.476 0
131.642 0
131.668 0
131.701 0
131.8 2
131.849 0
131.946 0
132.048 0
132.151 0
132.247 0
132.348 0
132.5 0
132.553 0
132.699 0
132.752 0
132.857 0
132.956 0
133.108 0
133.208 2
133.274 3
133.361 3
133.463 3
133.559 3
133.657 3
133.809 3
133.864 3
134.012 3
134.065 3
134.158 3
134.314 3
134.364 3
134.565 3
134.593 3
134.669 3
134.771 3
134.921 3
134.976 3
135.075 3
135.171 3
135.337 3
135.479 3
135.513 1
135.726 3
135.759 1
135.84 0
135.889 2
135.987 3
136.088 1
136.239 0
136.289 0
136.484 0
136.507 0
136.591 2
136.686 0
136.783 0
136.892 0
136.985 0
137.087 0
137.188 0
137.288 0
137.397 0
137.551 0
137.745 0
137.769 0
137.844 0
137.898 0
138.003 2
138.152 0
138.198 0
138.349 0
138.407 0
138.509 0
138.607 0
138.852 0
138.948 0
139.046 0
139.152 0
139.312 0
139.406 0
139.459 0
139.556 0
139.651 0
139.756 0
139.905 0
140.011 0
140.062 0
140.168 0
140.266 0
140.361 0
140.463 0
140.568 0
140.665 0
140.818 0
140.867 0
140.964 0
141.064 0
141.168 0
141.27 0
141.372 0
141.471 0
141.569 0
141.67 0
141.779 0
141.881 0
141.985 0
142.08 0
142.183 0
142.283 0
142.381 0
142.477 0
142.581 0
142.681 0
142.781 0
142.893 2
142.988 0
143.092 0
143.194 0
143.347 0
143.398 0
143.5 0
143.593 0
143.7 0
144.054 0
144.079 0
144.102 0
144.148 0
144.196 0
144.305 0
144.452 0
144.503 0
144.605 2
144.709 0
144.807 2
145.022 3
145.057 3
145.113 1
145.214 3
145.308 1
145.411 0
145.511 0
145.609 0
145.763 0
145.813 2
145.91 0
146.014 2
146.122 3
146.22 3
146.563 1
146.59 3
146.622 1
146.683 0
146.723 0
146.872 0
146.923 0
147.256 0
147.295 2
147.324 0
147.457 0
147.489 0
147.693 2
147.794 0
147.945 0
148 0
148.097 0
148.198 0
148.303 0
148.399 0
148.501 0
148.605 0
148.707 0
148.804 0
148.91 0
149.005 0
149.108 0
149.21 0
149.322 0
149.412 0
149.771 2
149.8 0
149.82 0
149.919 2
149.947 0
150.025 0
150.125 0
150.225 0
150.322 0
150.624 0
150.648 2
150.675 0
150.785 2
150.83 0
150.985 2
151.032 0
151.131 0
151.296 2
151.581 0
151.601 0
151.625 0
151.645 0
151.777 0
151.884 2
152.006 0
152.048 0
152.143 0
152.246 0
152.345 0
152.495 0
152.549 0
152.644 0
152.748 0
152.852 0
152.948 0
153.058 0
153.155 0
153.257 0
153.55 0
153.574 0
153.604 0
153.661 2
153.817 3
153.959 3
153.993 3
154.06 3
154.163 3
154.308 3
154.364 3
154.46 3
154.66 3
154.689 3
154.755 3
154.861 3
154.963 3
155.07 3
155.165 3
155.322 3
155.417 3
155.662 3
155.68 3
155.777 3
155.805 3
155.873 3
156.025 3
156.07 3
156.168 3
156.275 3
156.477 3
156.507 3
156.579 3
156.677 3
156.838 3
156.879 3
157.04 3
157.076 3
157.176 3
157.335 3
157.436 3
157.48 3
157.739 3
157.885 3
157.901 3
157.923 3
157.989 3
158.094 3
158.192 3
158.293 3
158.392 3
158.493 3
158.643 3
158.701 3
158.8 3
158.953 3
159.005 3
159.1 3
159.207 3
159.298 3
159.395 3
159.633 3
159.79 3
159.99 3
160.008 3
160.04 3
160.138 3
160.246 3
160.347 3
160.448 3
160.552 3
160.653 3
160.749 3
160.847 3
160.948 3
161.049 3
161.149 3
161.251 3
161.352 3
161.456 3
161.554 3
161.805 3
161.824 3
161.863 3
162.015 3
162.066 3
162.162 3
162.261 3
162.36 3
162.462 3
162.563 3
162.67 3
162.763 3
162.871 3
163.023 3
163.079 3
163.171 3
163.375 3
163.404 3
163.483 3
163.63 3
163.678 3
163.829 3
163.885 3
163.979 3
164.081 3
164.184 3
164.288 3
164.438 3
164.488 3
164.591 3
164.694 3
164.835 3
164.89 3
164.988 3
165.144 3
165.194 3
165.293 3
165.394 3
165.494 3
165.591 3
165.691 3
165.793 3
165.895 3
165.999 3
166.103 3
166.298 3
166.322 3
166.502 3
166.534 3
166.605 3
166.698 3
166.809 3
166.902 3
167.007 3
167.154 3
167.206 3
167.311 3
167.464 3
167.518 3
167.612 3
167.708 3
167.959 3
168.192 3
168.208 3
168.298 3
168.401 3
168.451 3
168.554 3
168.659 3
168.803 3
168.854 3
168.955 3
169.053 3
169.208 3
169.256 3
169.406 3
169.46 3
169.613 3
169.762 3
169.913 3
169.946 3
169.966 3
170.07 3
170.218 3
170.269 3
170.364 3
170.515 3
170.615 1
170.714 0
170.771 0
170.916 0
170.969 0
171.071 0
171.168 0
171.275 2
171.422 0
171.673 2
171.692 2
171.71 2
171.826 3
171.882 3
171.975 1
172.076 0
172.179 0
172.282 0
172.383 0
172.533 2
172.59 3
172.684 3
172.786 3
173.039 3
173.057 3
173.142 3
173.195 3
173.343 3
173.389 3
173.49 3
173.596 3
173.694 3
173.799 3
173.899 3
173.999 3
174.097 3
174.198 3
174.301 3
174.405 3
174.503 3
174.613 3
174.704 3
174.811 3
174.906 3
175.009 3
175.111 3
175.207 1
175.31 0
175.416 0
175.672 0
175.695 0
175.726 2
175.822 3
175.914 3
176.087 1
176.119 3
176.221 3
176.325 3
176.426 3
176.526 3
176.633 3
176.726 3
176.834 3
176.928 3
177.031 3
177.134 3
177.232 3
177.43 3
177.456 3
177.584 3
177.634 3
177.731 3
177.832 3
177.985 3
178.037 3
178.133 3
178.233 3
178.337 3
178.492 3
178.591 3
178.69 3
178.791 3
178.839 3
178.96 3
179.098 3
179.285 3
179.487 3
179.505 3
179.589 3
179.692 3
179.794 3
179.89 3
179.995 3
180.095 3
180.2 3
180.351 3
180.405 3
180.551 3
180.654 3
180.812 3
180.838 3
180.907 3
181.006 3
181.111 3
181.213 3
181.365 3
181.461 3
181.518 3
181.611 3
181.717 3
181.817 3
181.914 3
182.019 3
182.115 3
182.273 3
182.315 3
182.421 3
182.514 3
182.615 3
182.762 3
182.916 3
183.08 3
183.106 3
183.13 3
183.226 3
183.424 3
183.449 3
183.578 3
183.632 3
184.234 3
184.262 3
184.292 3
184.313 3
184.333 3
184.35 3
184.372 3
184.438 3
184.536 3
184.642 3
184.734 3
184.835 3
184.994 3
185.035 3
185.137 3
185.292 3
185.339 3
185.44 3
185.541 3
185.641 3
185.745 3
185.843 3
185.947 3
186.049 3
186.149 3
186.252 3
186.414 3
186.46 3
186.555 3
186.712 3
186.758 3
186.858 3
186.954 3
187.056 3
187.159 3
187.258 3
187.356 3
187.458 3
187.563 3
187.661 3
187.76 3
187.868 3
188.024 3
188.211 3
188.352 3
188.404 3
188.506 3
188.619 3
188.709 3
188.811 3
188.918 3
189.062 3
189.119 3
189.216 3
189.314 3
189.614 3
189.631 3
189.653 3
189.725 3
189.829 3
189.923 3
190.021 3
190.123 3
190.227 3
190.379 3
190.431 3
190.532 3
190.682 3
190.735 3
190.99 3
191.018 3
191.039 3
191.137 3
191.239 1
191.341 3
191.54 3
191.566 3
191.64 3
191.75 3
191.839 3
191.942 3
192.091 3
192.194 3
192.242 3
192.343 3
192.497 3
192.649 3
192.668 3
192.743 3
192.848 3
193.149 3
193.165 3
193.189 3
193.249 3
193.405 3
193.657 3
193.674 3
193.696 3
193.855 3
193.872 3
194.005 3
194.114 3
194.169 3
194.264 3
194.417 3
194.524 3
194.618 3
194.719 3
194.769 3
194.872 3
194.972 3
195.069 3
195.171 3
195.265 3
195.423 3
195.469 3
195.569 3
195.674 3
195.776 3
195.879 3
196.028 3
196.132 3
196.192 3
196.285 3
196.379 3
196.489 3
196.69 3
196.713 3
196.794 3
196.89 3
196.991 3
197.095 3
197.185 3
197.287 3
197.392 3
197.496 3
197.59 3
197.79 3
197.816 3
197.899 3
198.202 3
198.228 3
198.302 3
198.33 3
198.458 3
198.507 3
198.662 3
198.707 3
198.81 3
198.917 3
199.161 3
199.187 3
199.261 3
199.418 3
199.451 3
199.517 3
199.809 3
199.967 3
199.994 3
200.114 3
200.17 3
200.264 3
200.364 3
200.468 3
200.574 3
200.664 3
200.782 3
200.872 3
200.977 3
201.172 3
201.205 3
201.278 3
201.386 3
201.48 3
201.677 3
201.735 3
201.828 3
201.933 3
201.982 3
202.083 3
202.18 3
202.283 3
202.39 3
202.488 3
202.587 3
202.684 3
202.888 3
202.915 3
202.991 3
203.089 3
203.192 3
203.29 3
203.443 3
203.495 3
203.593 3
203.797 3
203.824 3
203.898 3
204.096 3
204.126 3
204.203 3
204.302 3
204.448 3
204.599 3
204.619 3
204.699 3
204.806 3
204.907 3
205.112 3
205.141 3
205.208 3
205.316 3
205.413 3
205.514 3
205.611 3
205.767 3
205.875 3
205.92 3
206.119 3
206.14 3
206.225 3
206.318 3
206.421 3
206.523 3
206.622 1
206.725 0
206.874 2
206.974 3
207.027 1
207.121 0
207.221 0
207.323 0
207.432 2
207.538 0
207.632 2
207.782 3
207.839 1
207.933 0
208.036 0
208.242 0
208.263 0
208.468 0
208.631 0
208.683 0
208.782 0
208.884 0
209.038 2
209.086 0
209.186 0
209.284 0
209.439 0
209.49 0
209.741 0
209.758 0
209.792 0
209.889 0
210.146 0
210.165 0
210.255 2
210.294 0
210.451 0
210.595 0
210.607 0
210.746 0
210.807 0
210.955 0
211.057 0
211.157 0
211.207 0
211.319 0
211.507 0
211.559 2
211.656 3
211.706 1
211.864 0
212.014 0
212.064 0
212.215 0
212.362 0
212.378 0
212.467 2
212.519 0
212.619 0
212.722 0
212.822 0
212.918 0
213.225 2
213.248 0
213.28 2
213.33 0
213.431 0
213.531 0
213.634 0
213.733 0
213.828 0
214.028 0
214.046 0
214.184 0
214.237 0
214.338 2
214.436 0
214.543 0
214.639 0
214.74 0
214.89 0
214.943 2
215.04 0
215.139 0
215.246 2
215.344 0
215.451 0
215.549 0
215.655 0
215.807 0
215.85 0
215.999 0
216.06 2
216.207 0
216.261 2
216.355 3
216.455 1
216.562 0
216.664 0
216.818 2
216.93 0
216.971 0
217.213 0
217.238 0
217.268 2
217.412 0
217.561 0
217.578 0
217.667 0
217.818 0
217.871 0
217.972 0
218.067 0
218.234 0
218.285 0
218.378 0
218.481 0
218.631 0
218.681 0
218.782 0
219.039 0
219.064 0
219.092 0
219.235 0
219.288 0
219.439 0
219.492 0
219.692 0
219.718 0
219.839 0
219.9 0
220 0
220.099 0
220.201 0
220.298 0
220.396 0
220.553 0
220.606 0
220.702 0
220.803 0
220.909 0
221.005 0
221.158 0
221.209 0
221.314 0
221.409 0
221.56 0
221.616 0
221.76 0
221.817 0
221.914 2
222.165 0
222.188 0
222.272 0
222.325 0
222.463 0
222.524 0
222.623 2
222.72 0
222.823 0
222.978 0
223.024 0
223.127 0
223.228 2
223.325 0
223.426 0
223.585 0
223.636 0
223.738 0
223.832 0
224.08 0
224.191 2
224.285 0
224.389 0
224.494 0
224.693 0
224.716 0
224.841 0
224.894 0
225 0
225.094 0
225.198 0
225.297 0
225.394 0
225.5 0
225.599 0
225.706 0
225.802 0
225.9 0
226.004 0
226.103 0
226.209 0
226.307 0
226.408 0
226.508 0
226.608 0
226.715 0
226.861 0
226.913 0
227.011 0
227.309 0
227.332 0
227.361 0
227.422 0
227.512 0
227.616 0
227.812 0
227.825 0
228.113 0
228.314 0
228.327 0
228.345 0
228.365 0
228.427 0
228.62 2
228.723 0
228.738 0
228.877 0
228.922 0
229.028 2
229.127 0
229.226 0
229.327 0
229.481 0
229.578 0
229.635 0
229.78 0
229.839 0
229.935 0
230.033 0
230.139 2
230.237 0
230.338 0
230.603 2
230.631 0
230.652 2
230.797 0
230.998 2
231.017 0
231.053 0
231.252 2
231.277 2
231.355 0
231.653 2
231.674 0
231.703 0
231.763 0
231.916 0
232.006 0
232.059 0
232.161 2
232.262 3
232.366 3
232.468 3
232.71 3
232.862 3
233.011 3
233.027 3
233.116 3
233.221 3
233.322 3
233.423 3
233.567 3
233.617 3
233.769 3
233.874 3
233.923 3
234.024 3
234.129 3
234.222 3
234.331 3
234.484 3
234.534 3
234.628 3
234.779 3
234.981 1
235.002 1
235.041 0
235.134 0
235.23 0
235.333 0
235.441 0
235.642 2
235.669 0
235.802 0
235.942 0
235.966 0
236.048 0
236.148 0
236.252 2
236.348 3
236.466 3
236.554 1
236.644 0
236.753 0
236.854 0
237.002 0
237.053 2
237.204 3
237.253 1
237.354 3
237.505 3
237.561 1
237.706 0
237.959 0
237.974 2
237.991 0
238.116 0
238.211 0
238.415 0
238.434 0
238.466 0
238.569 0
238.666 0
238.768 0
238.865 0
239.068 2
239.085 0
239.168 0
239.276 0
239.425 0
239.503 0
239.599 2
239.751 0
239.858 0
239.904 0
240.058 0
240.105 0
240.257 0
240.306 0
240.461 0
240.507 0
240.662 0
240.711 0
240.813 0
240.908 2
241.111 0
241.123 0
241.213 0
241.32 0
241.413 0
241.57 0
241.62 0
241.77 2
241.821 0
241.971 0
242.019 0
242.123 0
242.226 0
242.32 0
242.475 0
242.581 0
242.627 0
242.728 0
242.831 0
242.929 0
243.081 0
243.131 0
243.234 0
243.334 0
243.435 0
243.536 0
243.634 0
243.738 0
243.939 0
243.951 0
244.095 0
244.189 0
244.241 0
244.344 0
244.55 0
244.563 0
244.745 0
244.758 0
245.043 0
245.057 0
245.072 0
245.148 0
245.249 0
245.356 0
245.449 0
245.551 0
245.655 0
245.752 0
245.954 0
245.969 0
246.056 0
246.213 0
246.458 0
246.469 0
246.484 0
246.563 0
246.713 0
246.764 0
246.864 0
246.966 0
247.065 0
247.167 0
247.268 0
247.374 0
247.517 0
247.673 0
247.77 0
247.828 0
247.874 0
247.973 0
248.178 0
248.194 0
248.276 0
248.377 2
248.481 3
248.586 3
248.99 1
249.004 1
249.142 0
249.158 0
249.174 0
249.287 0
249.301 0
249.391 0
249.597 2
249.61 0
249.692 0
249.79 0
249.894 0
250.049 0
250.095 0
250.254 0
250.303 0
250.595 2
250.891 0
251.098 0
251.111 0
251.13 0
251.152 2
251.202 0
251.25 0
251.348 0
251.451 0
251.556 0
251.653 0
251.754 0
251.905 0
251.958 0
252.205 0
252.222 0
252.261 0
252.361 0
252.47 0
252.562 0
252.66 0
252.764 0
252.913 0
252.967 0
253.119 0
253.216 0
253.267 0
253.374 0
253.525 0
253.72 0
253.736 0
253.772 0
253.87 0
253.975 0
254.077 0
254.274 0
254.291 0
254.38 0
254.481 0
254.584 0
254.683 0
254.784 0
254.933 0
255.088 0
255.139 0
255.186 0
255.291 0
255.391 0
255.492 0
255.644 0
255.697 0
255.791 0
255.894 0
255.993 0
256.101 0
256.2 2
256.299 0
256.399 0
256.5 0
256.655 0
256.706 0
256.804 0
256.91 0
257.007 0
257.112 0
257.254 0
257.312 0
257.409 2
257.511 0
257.868 0
257.885 0
257.907 0
257.97 0
258.022 0
258.169 0
258.217 0
258.319 2
258.418 0
258.573 0
258.628 0
258.723 2
258.823 0
258.923 0
259.033 2
259.178 0
259.229 0
259.474 2
259.567 0
259.729 0
259.77 0
259.922 2
259.972 0
260.175 2
260.196 0
260.474 0
260.634 0
260.784 0
260.801 0
260.893 0
260.917 0
260.939 0
261.149 0
261.177 0
261.244 0
261.288 0
261.388 0
261.536 0
261.59 0
261.69 2
261.791 0
261.94 0
262.195 0
262.209 0
262.226 0
262.396 2
262.41 0
262.55 0
262.6 0
262.7 0
262.799 0
262.903 0
263.002 0
263.203 2
263.251 0
263.305 0
263.402 0
263.505 0
263.605 0
263.706 0
263.812 0
264.017 2
264.073 3
264.162 1
264.219 0
264.317 0
264.415 0
264.518 0
264.617 0
264.718 0
264.881 0
264.92 0
265.122 0
265.177 0
265.224 0
265.327 0
265.422 0
265.522 0
265.681 0
265.777 0
265.879 0
265.929 0
266.031 0
266.132 0
266.29 0
266.488 0
266.535 0
266.548 0
266.695 0
266.794 2
266.838 0
266.94 0
267.041 0
267.141 0
267.244 2
267.344 3
267.543 1
267.557 1
267.649 0
267.747 0
268.148 0
268.257 2
268.272 0
268.292 0
268.315 2
268.361 0
268.512 0
268.565 0
268.659 0
268.863 0
269.012 0
269.028 0
269.162 0
269.177 0
269.267 0
269.367 0
269.467 0
269.567 0
269.667 0
269.82 0
269.87 0
269.969 0
270.119 0
270.224 0
270.324 0
270.427 0
270.477 0
270.631 0
270.731 0
270.781 0
270.881 0
270.978 0
271.083 0
271.182 0
271.332 0
271.436 0
271.488 2
271.588 0
271.687 0
271.79 0
271.891 0
271.991 0
272.093 0
272.19 0
272.393 0
272.409 0
272.5 0
272.646 0
272.7 0
272.798 0
272.896 0
273.047 0
273.153 2
273.205 0
273.364 0
273.417 0
273.504 0
273.75 0
274.003 2
274.018 0
274.057 0
274.154 0
274.26 0
274.357 0
274.609 0
274.624 0
274.86 0
274.876 0
274.963 0
274.978 0
275.117 0
275.262 0
275.323 0
275.466 0
275.483 0
275.569 0
275.718 0
275.819 0
275.873 0
276.129 0
276.374 0
276.392 0
276.776 0
276.794 0
276.814 0
276.834 0
276.852 0
276.871 0
276.941 0
276.982 0
277.134 0
277.186 0
277.282 0
277.387 0
277.631 0
277.649 0
277.786 0
277.802 0
277.887 0
277.993 0
278.088 0
278.19 0
278.293 0
278.39 0
278.492 0
278.85 0
278.864 0
278.882 0
279.147 0
279.254 0
279.268 0
279.287 0
279.307 0
279.403 0
279.507 0
279.609 0
279.906 0
279.919 0
279.938 0
280.066 0
280.213 2
280.233 2
280.31 0
280.465 0
280.514 0
280.616 0
280.768 0
280.868 0
280.917 0
281.07 0
281.118 0
281.222 0
281.324 0
281.418 0
281.525 0
281.675 0
281.769 0
281.877 2
281.984 0
282.041 0
282.288 0
282.387 2
282.486 0
282.589 0
282.791 0
282.805 0
282.889 0
283.039 0
283.089 0
283.344 0
283.364 0
283.401 0
283.503 0
283.703 0
283.727 0
283.808 0
283.998 0
284.011 0
284.105 2
284.304 0
284.324 0
284.404 0
284.553 0
284.611 0
284.706 0
284.81 0
284.91 2
285.01 0
285.109 0
285.212 0
285.359 0
285.418 0
285.516 0
285.613 0
285.715 0
285.872 0
285.919 2
286.07 0
286.119 0
286.323 2
286.338 2
286.424 3
286.522 1
286.679 0
286.728 0
286.833 2
286.979 0
287.082 0
287.185 0
287.235 0
287.33 0
287.439 0
287.535 0
287.687 0
287.737 0
287.835 0
287.989 0
288.041 0
288.192 0
288.245 0
288.39 0
288.445 0
288.602 2
288.695 0
288.75 0
288.846 0
288.95 0
289.099 0
289.299 0
289.317 2
289.353 0
289.452 0
289.555 0
289.707 0
289.757 0
289.857 2
289.965 0
290.064 2
290.314 0
290.331 2
290.365 0
290.468 0
290.565 2
290.673 3
290.926 3
290.945 1
291.022 3
291.072 1
291.173 0
291.269 0
291.372 0
291.475 0
291.68 0
291.699 0
291.774 0
291.877 0
291.978 0
292.079 0
292.177 0
292.433 0
292.453 0
292.741 0
292.754 0
292.774 0
292.794 0
292.888 0
293.041 0
293.189 0
293.206 0
293.294 2
293.496 0
293.514 0
293.647 0
293.696 0
293.795 0
293.897 0
294.15 0
294.167 0
294.258 0
294.303 0
294.403 0
294.551 0
294.657 0
294.756 0
294.86 0
295.012 2
295.031 0
295.167 0
295.373 0
295.51 0
295.812 0
295.828 0
295.962 0
295.976 0
295.999 0
296.118 0
296.168 0
296.263 0
296.369 0
296.467 0
296.62 0
296.675 0
296.772 0
296.871 0
296.975 0
297.078 0
297.177 0
297.275 0
297.374 0
297.48 0
297.629 0
297.676 0
297.781 0
297.931 0
298.035 0
298.182 0
298.199 0
298.284 0
298.436 0
298.538 0
298.587 0
298.739 0
298.842 0
298.892 0
299.092 0
299.11 0
299.193 0
299.445 0
299.461 0
299.496 0
299.596 0
299.698 0
299.847 0
299.9 0
300.002 0
300.1 0
300.204 0
300.503 0
300.52 0
300.539 0
300.606 0
301.057 0
301.075 0
301.096 0
301.116 0
301.22 2
301.243 0
301.315 0
301.415 0
301.616 0
301.632 0
301.824 0
301.842 0
301.922 2
302.019 0
302.12 0
302.28 0
302.324 0
302.424 0
302.524 0
302.733 2
302.761 0
302.879 0
302.933 0
303.038 2
303.132 0
303.386 0
303.407 0
303.437 2
303.534 0
303.637 2
303.738 0
303.836 0
303.938 0
304.047 0
304.146 2
304.537 0
304.61 2
304.625 0
304.715 0
304.812 0
304.917 0
305.168 0
305.187 0
305.224 2
305.372 0
305.419 0
305.524 0
305.625 0
305.722 0
305.926 0
305.946 0
306.029 0
306.134 0
306.294 0
306.38 0
306.431 0
306.633 0
306.783 0
306.799 0
306.887 2
306.937 0
307.039 0
307.243 2
307.296 0
307.545 0
307.561 0
307.698 2
307.712 0
307.746 2
307.999 3
308.015 1
308.051 1
308.154 0
308.251 0
308.453 0
308.654 0
308.679 2
308.704 0
308.803 0
308.906 0
309.007 0
309.063 0
309.165 2
309.318 0
309.371 2
309.466 3
309.616 1
309.818 0
309.838 0
309.919 0
310.018 0
310.074 0
310.221 0
310.323 0
310.373 0
310.473 0
310.581 0
310.678 2
310.778 0
310.932 0
310.978 0
311.08 0
311.181 0
311.283 2
311.432 0
311.486 0
311.583 0
311.689 0
311.788 2
311.887 0
311.994 2
312.09 3
312.196 1
312.295 3
312.392 1
312.495 3
312.751 1
312.771 1
312.803 0
312.953 2
313.048 0
313.153 0
313.204 0
313.306 0
313.407 2
313.565 0
313.614 2
313.76 0
313.82 2
313.912 0
314.17 0
314.189 0
314.218 0
314.618 0
314.638 0
314.664 0
314.823 0
314.842 0
314.868 0
314.92 0
315.02 0
315.128 0
315.278 0
315.428 0
315.447 0
315.629 0
315.678 0
315.729 0
315.832 0
315.931 0
316.088 0
316.133 0
316.288 0
316.334 0
316.439 0
316.536 0
316.789 0
316.814 0
316.851 0
316.941 0
317.04 0
317.196 0
317.241 0
317.395 0
317.501 2
317.546 2
317.696 0
317.801 0
318.047 0
318.067 0
318.113 0
318.16 0
318.258 0
318.36 0
318.457 0
318.662 0
318.71 0
318.765 0
318.864 2
319.021 0
319.12 2
319.165 0
319.277 0
319.419 0
319.624 0
319.771 0
319.821 0
319.921 0
320.023 0
320.13 0
320.229 0
320.339 2
320.427 0
320.528 0
320.633 0
320.731 0
320.83 0
320.933 0
321.035 0
321.236 0
321.255 0
321.338 0
321.44 0
321.541 0
321.645 0
321.741 2
321.844 0
322.045 0
322.197 0
322.216 0
322.25 0
322.347 0
322.446 0
322.548 0
322.652 0
322.756 0
322.854 0
323.007 0
323.059 0
323.154 0
323.258 0
323.413 0
323.468 0
323.564 0
323.761 0
323.783 0
323.864 0
324.017 0
324.167 0
324.188 0
324.371 0
324.43 0
324.474 0
324.57 0
324.674 0
324.774 0
324.876 0
324.974 0
325.174 0
325.197 0
325.279 0
325.378 0
325.477 0
325.581 0
325.731 2
325.831 0
325.883 0
326.039 2
326.136 0
326.288 2
326.312 2
326.394 0
326.492 0
326.652 0
326.699 0
326.794 0
326.893 0
326.999 0
327.249 0
327.268 0
327.299 0
327.401 2
327.499 0
327.653 0
327.751 0
327.806 0
327.965 0
328.204 2
328.297 0
328.397 0
328.461 0
328.559 0
328.665 0
328.864 0
328.89 0
328.958 0
329.063 0
329.213 0
329.36 0
329.39 0
329.521 0
329.572 0
329.729 0
329.824 0
329.927 0
330.07 0
330.101 0
330.227 0
330.273 0
330.37 0
330.472 0
330.622 0
330.676 0
330.773 0
331.034 0
331.053 2
331.083 0
331.179 2
331.281 0
331.434 0
331.481 0
331.586 2
331.937 0
331.961 2
331.981 0
332.188 0
332.206 0
332.23 0
332.54 0
332.597 0
332.612 0
332.639 2
332.747 3
333.034 1
333.091 0
333.113 0
333.133 0
333.286 0
333.483 0
333.502 0
333.537 0
333.636 0
333.735 0
334.038 0
334.054 0
334.076 0
334.141 0
334.243 0
334.341 0
334.492 0
334.543 0
334.644 0
334.741 0
334.899 0
334.955 0
335.196 0
335.214 0
335.3 0
335.356 0
335.453 0
335.555 0
335.652 0
335.757 0
335.91 0
335.964 2
336.059 0
336.161 2
336.262 0
336.413 0
336.466 2
336.613 0
336.671 0
336.767 0
336.968 0
336.986 0
337.23 2
337.249 0
337.28 0
337.43 0
337.474 0
337.572 0
337.723 0
337.781 0
337.877 0
337.977 0
338.078 0
338.43 0
338.449 0
338.471 0
338.538 0
338.589 0
338.687 0
338.79 2
338.885 0
338.99 0
339.1 0
339.196 0
339.541 0
339.555 0
339.642 0
339.801 0
339.899 0
339.953 2
340.048 0
340.154 2
340.252 0
340.354 0
340.557 0
340.575 0
340.658 0
340.806 0
340.958 0
340.976 0
341.107 0
341.162 0
341.368 0
341.388 0
341.517 0
341.619 0
341.719 0
341.771 0
341.869 0
341.969 0
342.071 0
342.276 0
342.293 0
342.375 0
342.527 0
342.627 0
342.685 0
342.778 0
342.884 0
343.036 0
343.082 0
343.18 0
343.283 0
343.383 0
343.541 0
343.589 0
343.74 0
343.788 0
343.891 0
343.99 0
344.095 0
344.393 0
344.41 0
344.432 0
344.5 0
344.601 0
344.695 0
344.897 0
344.914 0
345.057 0
345.108 0
345.202 2
345.353 0
345.409 2
345.505 0
345.604 2
345.764 0
345.856 0
345.915 2
346.015 0
346.111 0
346.211 0
346.474 0
346.497 0
346.52 0
346.666 0
346.718 0
346.82 0
347.015 0
347.035 0
347.119 0
347.223 0
347.326 0
347.476 0
347.523 0
347.624 0
347.824 0
347.842 0
347.931 0
348.08 0
348.294 0
348.375 0
348.526 2
348.585 0
348.725 2
348.777 0
348.886 0
348.988 0
349.085 0
349.189 0
349.335 2
349.387 0
349.548 0
349.587 0
349.788 0
349.815 0
349.901 0
350.001 0
350.148 0
350.202 0
350.3 0
350.446 0
350.499 0
350.596 0
350.752 2
350.803 0
350.953 2
351.01 0
351.203 0
351.221 2
351.356 0
351.507 0
351.525 2
351.609 0
351.712 0
351.967 0
351.986 0
352.06 0
352.13 2
352.315 0
352.471 0
352.488 0
352.522 0
352.678 2
352.774 3
352.823 3
352.924 3
353.029 1
353.176 0
353.232 0
353.384 0
353.433 0
353.537 0
353.634 0
353.734 0
353.837 0
353.992 0
354.038 0
354.144 0
354.339 0
354.495 0
354.512 0
354.545 0
354.748 2
354.848 0
354.869 2
354.948 0
355.051 0
355.204 0
355.36 2
355.412 0
355.508 0
355.562 0
355.661 0
355.816 0
355.871 2
355.958 0
356.062 2
356.168 3
356.268 3
356.369 3
356.724 1
356.746 1
356.766 1
356.865 0
356.884 0
356.971 0
357.076 0
357.181 2
357.276 0
357.481 0
357.54 0
357.583 2
357.68 0
357.835 0
357.935 0
357.987 0
358.087 0
358.237 0
358.334 0
358.588 0
358.743 0
358.766 0
358.943 0
358.969 0
358.996 0
359.02 0
359.1 0
359.196 0
359.299 0
359.405 0
359.55 0
359.604 0
359.702 0
360.154 0
360.18 0
360.202 0
360.229 0
360.256 0
360.361 0
360.466 0
360.514 0
360.612 0
360.712 0
360.813 0
361.013 0
361.171 2
361.318 3
361.339 1
361.366 1
361.421 0
361.513 0
361.678 0
361.922 0
361.966 0
362.021 0
362.039 0
362.172 0
362.223 0
362.324 0
362.421 0
362.526 0
362.624 0
362.885 2
362.903 0
362.935 0
363.048 2
363.139 0
363.353 2
363.536 0
363.586 0
363.685 0
363.789 0
363.891 0
363.99 2
364.24 0
364.263 0
364.296 0
364.399 0
364.599 0
364.621 2
364.703 0
364.852 0
364.96 2
365.061 0
365.16 0
365.211 0
365.311 0
365.404 0
365.509 0
365.607 0
365.766 0
365.913 0
365.935 0
366.013 0
366.113 0
366.213 0
366.313 0
366.414 0
366.515 0
366.619 0
366.772 0
366.825 0
366.925 0
367.023 0
367.121 0
367.224 0
367.322 0
367.428 0
367.583 0
367.63 0
367.78 0
367.878 0
367.936 0
368.035 0
368.192 0
368.29 0
368.338 0
368.439 0
368.59 0
368.641 0
368.741 0
368.894 2
368.944 0
369.1 0
369.197 0
369.449 0
369.469 0
369.499 0
369.807 0
369.833 2
369.857 0
369.881 0
370.012 0
370.11 0
370.262 0
370.517 0
370.541 0
370.868 0
370.89 0
370.918 0
370.941 0
370.973 2
371.124 0
371.271 0
371.292 0
371.322 2
371.375 0
371.573 0
371.598 2
371.676 0
371.789 0
371.882 0
372.124 2
372.337 0
372.355 0
372.443 0
372.542 0
372.698 2
372.796 0
372.897 0
372.951 0
373.041 0
373.151 0
373.254 0
373.35 0
373.453 0
373.558 0
373.807 0
373.827 0
374.01 0
374.032 0
374.11 0
374.157 0
374.258 0
374.355 0
374.461 0
374.56 0
374.664 2
374.763 3
374.919 1
374.964 1
375.065 0
375.165 0
375.27 0
375.367 0
375.466 0
375.574 0
375.67 0
375.773 0
375.871 0
375.975 0
376.075 2
376.174 0
376.279 2
376.376 0
376.534 2
376.584 2
376.731 3
376.884 1
376.905 1
376.989 0
377.086 0
377.488 0
377.509 0
377.533 0
377.557 0
377.593 0
377.691 0
377.797 0
377.995 0
378.013 0
378.204 0
378.225 0
378.349 0
378.408 2
378.508 0
378.606 0
378.703 0
378.803 0
378.904 0
379.005 0
379.106 0
379.408 0
379.423 0
379.446 0
379.514 0
379.61 0
379.813 0
379.831 0
379.964 0
380.016 0
380.169 0
380.728 2
380.747 0
380.769 0
380.79 0
380.816 2
380.837 2
380.879 0
380.93 2
381.13 3
381.192 1
381.235 1
381.337 0
381.488 0
381.54 0
381.639 0
381.736 0
381.893 0
381.944 0
382.095 0
382.146 0
382.242 0
382.394 0
382.499 0
382.548 0
382.645 0
382.752 0
382.847 0
382.955 0
383.111 0
383.314 0
383.406 0
383.503 0
383.606 0
383.709 0
383.867 0
384.009 0
384.034 2
384.219 3
384.242 1
384.319 0
384.42 0
384.524 0
384.622 0
384.769 0
384.877 0
384.976 0
385.327 0
385.345 0
385.372 0
385.397 0
385.582 0
385.603 0
385.633 0
385.838 0
385.86 0
385.985 0
386.34 0
386.357 0
386.383 0
386.41 0
386.59 0
386.613 0
386.645 0
386.739 0
386.894 0
387.098 0
387.121 0
387.147 0
387.345 0
387.367 0
387.499 0
387.555 0
387.652 0
387.754 0
387.855 0
387.957 2
388.06 0
388.212 0
388.261 0
388.413 0
388.465 0
388.615 0
388.668 0
388.766 0
388.864 0
388.971 0
389.07 0
389.171 0
389.272 0
389.374 0
389.473 2
389.572 0
389.78 2
389.824 0
389.878 0
390.027 0
390.183 0
390.381 0
390.402 0
390.428 0
390.486 0
390.591 0
390.69 0
390.787 2
390.889 0
390.988 0
391.143 0
391.187 2
391.292 3
391.443 1
391.544 0
391.598 0
391.695 0
391.802 2
391.899 0
392.004 0
392.244 0
392.352 2
392.454 0
392.563 0
392.709 0
392.755 2
392.853 0
393.017 0
393.115 0
393.209 0
393.26 0
393.616 0
393.913 0
393.977 0
394.003 0
394.025 0
394.049 0
394.074 0
394.125 0
394.216 0
394.321 0
394.424 0
394.474 0
394.577 0
394.677 0
394.873 0
394.938 0
395.077 0
395.096 0
395.385 0
395.405 0
395.432 0
395.487 0
395.589 0
395.688 0
395.79 2
395.937 0
395.989 0
396.487 0
396.641 0
396.661 0
396.684 0
396.703 2
396.727 0
396.759 0
396.811 2
396.903 0
397 0
397.159 0
397.355 0
397.379 0
397.506 0
397.526 0
397.604 0
397.707 0
397.807 0
397.969 2
398.012 0
398.111 0
398.209 0
398.312 0
398.461 0
398.517 0
398.615 0
398.771 2
398.914 0
398.931 0
399.015 0
399.118 0
399.218 0
399.327 0
399.421 0
399.577 0
399.623 0
399.726 0
399.973 0
400.237 0
400.259 2
400.281 2
400.307 2
400.338 3
400.534 1
400.595 3
400.639 1
400.744 0
400.993 2
401.01 0
401.149 0
401.17 0
401.403 2
401.422 0
401.499 0
401.702 2
401.722 0
401.755 0
401.854 0
401.954 0
402.058 0
402.254 0
402.276 0
402.358 0
402.459 0
402.56 0
402.661 0
402.762 0
402.916 0
402.965 0
403.067 0
403.171 0
403.262 0
403.366 2
403.466 0
403.619 0
403.669 0
403.774 0
403.923 0
403.973 0
404.07 0
404.228 0
404.528 0
404.549 0
404.57 0
404.784 2
404.799 0
404.831 0
405.083 2
405.102 2
405.125 0
405.187 0
405.334 2
405.385 0
405.487 2
405.694 3
405.844 1
405.863 3
405.891 1
406.04 0
406.095 0
406.196 2
406.293 3
406.399 3
406.501 3
406.597 1
406.698 0
406.9 0
406.917 0
407.05 0
407.162 0
407.207 0
407.356 0
407.411 0
407.516 0
407.607 0
407.709 0
407.862 0
408.017 0
408.364 0
408.419 0
408.434 0
408.458 0
408.482 0
408.569 0
408.671 0
408.723 0
408.829 0
408.923 0
409.083 0
409.479 0
409.496 0
409.517 0
409.536 0
409.558 0
409.631 0
409.791 0
409.837 0
409.936 0
410.038 0
410.135 0
410.239 0
410.334 0
410.435 0
410.538 0
410.642 0
410.736 0
410.892 0
