Time State
8.48625 0
8.49383 0
8.58688 0
8.69046 0
8.79194 0
8.89011 0
9.09172 0
9.09763 0
9.19544 0
9.34703 0
9.44903 0
9.49904 0
9.6483 0
9.74816 0
9.80074 0
9.89979 0
10.0015 0
10.1035 0
10.3589 0
10.3682 0
10.6029 0
10.6105 0
10.6187 0
10.7609 0
10.8098 0
10.9076 0
11.0108 0
11.1091 0
11.2142 0
11.3135 0
11.4114 0
11.5659 0
11.6159 0
11.7153 0
11.8167 0
11.9188 0
12.0197 0
12.2183 0
12.2262 0
12.3192 0
12.5228 0
12.5309 0
12.6238 0
12.7228 0
12.8239 0
12.9228 0
13.0236 0
13.1253 0
13.2258 0
13.3264 0
13.581 0
13.5928 0
13.6319 0
13.782 0
13.8317 0
13.9321 0
14.0329 0
14.1848 0
14.2376 0
14.3355 0
14.5381 0
14.5475 0
14.6367 0
14.7409 0
14.8393 0
14.9418 0
15.098 0
15.3702 0
15.3812 0
15.4021 0
16.1817 0
16.218 0
16.2441 0
16.3853 0
16.581 0
16.5906 0
16.6029 0
16.616 0
16.6307 0
16.6444 0
16.7282 0
16.7742 0
16.8755 0
16.9717 0
17.1715 0
17.2217 0
17.3243 0
17.4187 0
17.5175 0
17.6233 0
17.7266 0
17.8232 0
17.9201 0
18.0219 0
18.1744 0
18.2734 0
18.4269 0
18.4359 0
18.527 0
18.6243 0
18.7783 0
18.8286 0
18.9285 0
19.0281 0
19.1283 0
19.2278 0
19.433 0
19.442 0
19.5336 0
19.6875 0
19.7899 0
19.8348 0
19.9374 0
20.0406 0
20.1375 0
20.3032 0
20.4031 0
20.5991 0
20.6078 0
20.645 0
20.7489 0
20.8468 0
20.9448 0
21.1977 0
21.2092 0
21.2502 0
21.407 0
21.4525 0
21.5508 0
21.6499 0
21.7532 0
21.9519 0
21.9591 0
22.0536 0
22.1574 0
22.2553 0
22.3582 0
22.5597 0
22.6143 0
22.6614 0
22.76 0
22.9096 0
22.9594 0
23.0632 0
23.2657 0
23.2739 0
23.3648 0
23.4655 0
23.6176 0
23.672 0
23.773 0
23.8726 0
23.9735 0
24.075 0
24.225 0
24.3335 0
24.3789 0
24.4781 0
24.5762 0
24.7819 0
24.7914 0
24.8823 0
24.9836 0
25.1822 0
25.2902 0
25.2975 0
25.4369 0
25.4901 0
25.5907 0
25.689 0
25.8892 0
25.8964 0
25.9907 0
26.0931 0
26.2431 0
26.2918 0
26.4495 0
26.4982 0
26.595 0
26.7009 0
26.7966 0
26.8972 0
26.9991 0
27.0995 0
27.2009 0
27.301 0
27.4504 0
27.6127 0
27.6273 0
27.712 0
27.8665 0
27.9156 0
28.0079 0
28.1088 0
28.2622 0
28.413 0
28.4199 0
28.5633 0
28.6135 0
28.7127 0
28.8178 0
28.9147 0
29.0242 2
29.1228 0
29.284 0
29.3779 2
29.4708 3
29.527 3
29.6244 3
29.729 3
29.8278 3
29.9279 1
30.1649 3
30.2673 3
30.3665 3
30.5748 3
30.5826 3
30.6691 3
30.8288 3
30.8734 1
30.9734 0
31.0779 2
31.1795 3
31.281 3
31.3764 3
31.5841 3
31.7299 3
31.8867 3
31.8989 1
31.9412 1
31.9832 0
32.0855 2
32.1885 0
32.3856 0
32.3966 0
32.4902 0
32.5926 0
32.6906 0
32.7895 0
32.8913 0
32.9921 0
33.0921 0
33.2983 0
33.3073 0
33.3937 0
33.4955 0
33.7482 0
33.8995 0
33.9081 0
33.9598 0
34.0054 0
34.0997 0
34.2064 0
34.3035 0
34.4646 0
34.5586 0
34.6092 0
34.7106 0
34.8079 0
34.9082 0
35.0075 0
35.2642 0
35.2757 0
35.3136 0
35.413 0
35.566 0
35.6197 0
35.7161 0
35.8177 0
35.9176 0
36.0188 0
36.1188 0
36.2709 0
36.4193 0
36.4336 0
36.6732 0
36.6911 0
36.7328 0
36.8818 0
36.9309 0
37.0268 0
37.1286 0
37.2295 0
37.3793 0
37.4298 0
37.6332 0
37.7876 0
37.8001 0
37.8869 0
37.9396 0
38.1414 0
38.1493 0
38.2409 0
38.3408 2
38.4403 0
38.5465 0
38.643 0
38.7429 0
38.8455 0
38.9457 0
39.0455 0
39.2017 0
39.2512 0
39.3483 0
39.605 0
39.6162 0
39.8543 0
39.8639 0
39.8736 0
39.954 0
40.0581 0
40.2124 2
40.4099 3
40.4207 1
40.5122 0
40.5655 2
40.6614 0
40.8622 0
40.872 0
40.9649 0
41.1148 0
41.2178 0
41.2734 2
41.4683 3
41.4803 1
41.5721 0
41.6702 0
41.7765 0
41.8732 0
41.9767 2
42.0789 0
42.1797 0
42.2852 0
42.5609 0
42.8351 0
42.8501 0
42.8694 0
42.9329 0
43.032 0
43.1316 0
43.2311 0
43.3342 0
43.5385 0
43.5495 0
43.638 0
43.741 2
43.8438 0
43.9412 0
44.0399 0
44.141 0
44.2947 0
44.345 0
44.4449 0
44.549 0
44.6455 0
44.7469 0
44.8503 2
44.9468 0
45.0477 0
45.1498 0
45.4543 0
45.4693 0
45.5161 2
45.609 3
45.6621 3
45.7587 1
45.8602 3
45.9612 3
46.0631 3
46.1654 1
46.2669 3
46.3669 1
46.4689 3
46.5658 1
46.7673 3
46.7801 3
46.8673 1
46.9697 0
47.0691 0
47.2226 0
47.4248 0
47.4372 0
47.4763 0
47.5801 0
47.6762 0
47.876 0
47.8899 0
47.9812 0
48.0856 0
48.2403 0
48.3834 2
48.3984 0
48.4841 0
48.6426 0
48.6885 0
48.7878 2
48.9437 3
49.0471 1
49.091 1
49.1929 0
49.3455 0
49.4926 0
49.55 2
49.5954 0
49.8502 0
49.8626 0
49.897 0
50 0
50.1006 0
50.2576 0
50.3019 0
50.4038 0
50.5556 0
50.7044 2
50.7243 2
50.8115 0
50.9117 0
51.0127 0
51.1137 0
51.2139 0
51.3169 0
51.4629 0
51.663 0
51.6766 0
51.717 0
51.8675 0
51.9155 0
52.0192 0
52.1172 0
52.2191 0
52.4188 0
52.5239 0
52.5351 0
52.6236 0
52.7239 0
52.8236 0
52.9244 0
53.0248 0
53.1256 0
53.2293 0
53.5271 0
53.6855 0
53.7033 0
53.7176 0
53.7338 0
53.8338 0
53.9322 0
54.0409 0
54.2408 0
54.2541 0
54.3467 0
54.4454 0
54.5956 0
54.6452 0
54.9007 0
54.9153 0
54.945 0
55.0417 0
55.1447 0
55.2453 0
55.394 0
55.4466 0
55.5477 0
55.6484 0
55.8007 0
55.8557 0
55.9523 0
56.0523 0
56.155 0
56.3564 0
56.3696 0
56.4593 0
56.7062 0
56.7244 0
56.7608 0
56.8598 0
56.9611 0
57.0611 0
57.1661 0
57.3138 0
57.3693 0
57.4648 0
57.5717 0
57.6703 2
57.767 0
57.871 2
57.9717 0
58.0748 0
58.1742 2
58.2753 3
58.3814 1
58.4771 0
58.5827 0
58.6824 2
58.9173 0
59.0193 0
59.1218 0
59.2233 2
59.3244 0
59.425 0
59.5298 0
59.7268 2
59.7407 0
59.8893 2
59.928 2
60.0313 3
60.1301 3
60.2355 3
60.4368 3
60.4521 3
60.5328 3
60.7354 3
60.7499 3
60.8367 3
60.938 3
61.0404 3
61.14 3
61.2462 3
61.3433 3
61.443 3
61.6421 3
61.6576 3
61.745 3
61.8981 3
61.9493 3
62.0503 3
62.1491 3
62.252 3
62.3538 3
62.4542 3
62.6118 3
62.6581 3
62.8608 3
62.9149 3
63.0081 3
63.0642 3
63.1582 3
63.2618 3
63.3669 3
63.4637 3
63.568 3
63.7629 3
63.9206 3
63.9373 1
63.9712 1
64.071 0
64.4757 0
64.4875 0
64.5033 0
64.5293 0
64.5753 0
64.6767 0
64.7728 0
64.8795 0
64.9786 0
65.0798 0
65.1768 0
65.3281 0
65.4793 0
65.6792 0
65.6932 0
65.7069 0
65.7815 0
65.8809 0
65.9842 0
66.0847 0
66.1854 0
66.286 0
66.442 0
66.4863 0
66.5897 0
66.6915 0
66.7916 0
66.9458 0
66.9932 0
67.0928 0
67.1932 0
67.3462 0
67.4947 0
67.554 0
67.6022 0
67.7544 0
67.9504 0
67.9646 0
68.0055 0
68.1056 0
68.2087 0
68.3046 0
68.4076 0
68.5582 0
68.6123 0
68.7091 2
68.8144 0
68.9199 0
69.0121 2
69.1126 3
69.2168 3
69.3682 3
69.4139 3
69.5153 3
69.6204 3
69.7279 3
69.828 3
69.9205 3
70.0195 1
70.119 0
70.2269 2
70.3234 0
70.4215 0
70.5912 0
70.8365 2
70.8911 0
70.9086 0
70.94 0
71.0325 0
71.1319 0
71.3714 0
71.4686 0
71.5685 0
71.6743 0
71.8744 2
71.8872 0
71.9788 2
72.0767 3
72.1814 3
72.3492 3
72.3915 3
72.4905 3
72.6483 1
72.6923 1
72.7933 0
72.8938 0
72.9991 2
73.0954 0
73.197 0
73.2994 2
73.4495 3
73.5051 1
73.5993 0
73.7008 0
73.8015 0
73.9535 0
74.0068 0
74.1573 2
74.2094 0
74.3071 2
74.462 3
74.5138 3
74.6685 3
74.7162 3
74.8721 3
75.1749 3
75.1945 3
75.2141 1
75.2343 3
75.3732 1
75.4311 3
75.532 3
75.6278 3
75.73 3
75.9313 3
75.9486 1
76.0291 0
76.1302 0
76.2274 0
76.3301 0
76.4315 0
76.586 0
76.6875 0
76.7325 0
76.934 0
76.9547 0
77.0389 0
77.1365 0
77.2444 0
77.3949 0
77.4434 2
77.5416 0
77.6414 0
77.7439 0
77.8467 0
77.9509 0
78.1003 0
78.1497 0
78.2553 0
78.3621 2
78.4525 0
78.5532 0
78.6511 0
78.7632 2
78.8649 3
78.9579 3
79.0538 1
79.1618 0
79.2626 0
79.4959 0
79.6005 0
79.6975 0
79.8525 0
79.9055 0
80.0059 0
80.1082 0
80.2049 0
80.3066 0
80.4122 0
80.6092 0
80.6322 0
80.7125 0
80.8116 0
80.9632 0
81.0193 0
81.1155 0
81.2133 0
81.3161 0
81.417 0
81.6743 0
81.6957 0
81.7267 0
81.8242 0
81.9224 0
82.0238 0
82.1242 0
82.2305 0
82.3792 0
82.4299 0
82.5811 0
82.6318 0
82.734 0
82.8325 0
82.9341 0
83.0327 0
83.1326 0
83.2838 0
83.4373 0
83.4619 0
83.5409 0
83.641 0
83.7381 0
83.8373 0
83.9424 0
84.0488 0
84.1441 0
84.2449 0
84.4052 0
84.4481 0
84.5465 0
84.7452 0
84.7686 0
84.8472 0
84.9482 0
85.0497 0
85.1505 0
85.2506 0
85.4087 0
85.4575 0
85.5536 0
85.7556 0
85.7781 0
85.8555 0
85.9572 0
86.0604 0
86.2213 0
86.3156 0
86.4145 0
86.4634 0
86.5631 0
86.6663 0
86.8223 0
86.9312 0
86.9734 0
87.0747 0
87.1756 0
87.2732 0
87.3743 0
87.5198 0
87.575 0
87.6768 0
87.8771 0
87.8947 0
87.9824 0
88.0867 0
88.1817 0
88.2775 0
88.3809 0
88.4813 0
88.5811 0
88.7334 0
88.7856 0
88.9354 0
89.1399 0
89.1609 0
89.1949 2
89.292 0
89.3927 0
89.5479 2
89.5971 2
89.6953 0
89.7988 2
89.8991 0
89.9974 0
90.0983 0
90.1983 0
90.2986 0
90.408 0
90.5032 0
90.6051 0
90.7028 2
90.9042 0
90.9326 0
91.0107 0
91.1085 0
91.21 0
91.3079 0
91.5621 0
91.5854 0
91.6621 0
91.7695 0
91.8211 0
91.9287 0
92.1403 2
92.3161 0
92.4208 0
92.5164 0
92.5446 0
92.6213 0
92.7201 0
92.8276 2
92.9248 0
93.02 0
93.1214 0
93.2251 0
93.3215 0
93.4812 0
93.7825 0
93.813 2
93.8304 0
93.8499 0
93.9282 0
94.0272 0
94.1292 2
94.231 3
94.3924 1
94.4431 0
94.5368 0
94.6358 0
94.7415 2
94.8338 0
94.9366 2
95.037 0
95.1405 0
95.2407 0
95.3393 0
95.5021 2
95.5466 0
95.7463 2
95.765 0
95.8524 2
95.9537 3
96.0499 3
96.1545 3
96.2559 3
96.3538 1
96.5549 0
96.5823 0
96.7132 2
96.7692 3
96.9154 1
97.0151 0
97.0629 0
97.1606 0
97.2647 0
97.3657 0
97.5144 0
97.6185 0
97.6699 0
97.7698 0
97.8662 0
97.9698 0
98.0677 0
98.2261 0
98.272 0
98.3768 0
98.4759 2
98.6278 3
98.6789 1
98.7781 0
98.8767 0
98.9738 0
99.0774 0
99.1809 2
99.2787 0
99.4332 2
99.4831 0
99.581 0
99.6895 0
99.8522 0
99.8942 2
99.9917 0
100.099 2
100.2 3
100.299 1
100.396 0
100.501 0
100.6 0
100.839 0
100.943 0
101.042 0
101.149 0
101.245 0
101.347 0
101.454 0
101.553 0
101.651 0
101.752 0
101.854 0
101.956 0
102.053 0
102.156 0
102.311 0
102.36 0
102.457 0
102.659 0
102.688 0
102.767 0
102.862 0
103.019 0
103.121 0
103.17 0
103.27 0
103.368 0
103.473 0
103.568 0
103.669 0
103.775 0
103.871 0
103.972 0
104.077 0
104.173 0
104.274 0
104.376 0
104.483 0
104.681 0
104.734 0
104.781 0
104.881 0
104.982 0
105.083 0
105.185 0
105.281 0
105.582 0
105.612 0
105.646 0
105.692 0
105.794 0
105.892 0
105.996 0
106.099 0
106.196 0
106.3 0
106.447 0
106.497 0
106.695 0
106.722 0
106.801 0
107.004 0
107.031 0
107.104 0
107.203 0
107.301 0
107.458 0
107.562 0
107.662 0
107.712 0
107.862 0
107.963 0
108.009 0
108.111 0
108.211 0
108.31 0
108.469 0
108.516 0
108.616 0
108.768 0
108.969 0
109.221 0
109.246 0
109.271 0
109.296 0
109.328 0
109.424 0
109.574 0
109.625 0
109.724 0
109.881 0
109.926 0
110.026 0
110.128 0
110.228 0
110.334 2
110.43 0
110.58 0
110.636 2
110.734 0
110.836 0
110.986 0
111.043 2
111.141 0
111.243 0
111.344 0
111.446 0
111.539 0
111.705 2
111.745 0
111.844 0
111.956 2
112.059 0
112.155 0
112.26 0
112.36 0
112.46 0
112.558 0
112.661 0
112.812 0
112.86 0
113.116 0
113.22 0
113.318 0
113.419 0
113.52 0
113.625 0
113.881 0
113.91 0
113.934 0
114.031 0
114.127 0
114.226 0
114.325 0
114.484 0
114.53 0
114.629 0
114.785 0
114.832 0
114.989 0
115.04 2
115.134 0
115.234 0
115.341 0
115.439 0
115.587 0
115.648 2
115.739 0
115.889 0
115.947 0
116.05 2
116.143 0
116.253 2
116.349 0
116.446 0
116.556 2
116.651 3
116.757 3
116.908 3
117.056 3
117.094 3
117.158 3
117.26 3
117.358 1
117.459 0
117.628 2
117.712 0
117.763 0
117.917 0
117.965 0
118.067 0
118.165 0
118.263 0
118.367 0
118.472 0
118.62 0
118.776 0
118.834 0
118.925 0
119.071 0
119.137 0
119.177 0
119.378 0
119.408 0
119.737 2
119.764 0
119.79 0
119.821 2
119.879 0
119.986 2
120.084 0
120.183 0
120.288 0
120.387 0
120.541 0
120.642 2
120.694 0
120.851 0
121.093 2
121.122 0
121.151 0
121.194 0
121.292 0
121.495 0
121.522 0
121.594 0
121.704 0
121.803 0
121.897 0
122.055 0
122.101 0
122.402 0
122.427 0
122.46 0
122.505 0
122.659 0
122.764 0
122.861 0
122.913 0
123.009 0
123.118 0
123.214 0
123.311 0
123.514 0
123.542 0
123.718 0
123.75 0
123.819 0
123.918 0
124.071 0
124.173 0
124.271 0
124.322 0
124.577 0
124.604 0
124.676 0
124.772 0
124.829 0
124.925 0
125.031 0
125.187 0
125.231 0
125.327 0
125.486 0
125.53 0
125.732 0
125.758 0
125.837 0
125.938 0
126.035 0
126.137 0
126.235 0
126.335 0
126.442 0
126.541 0
126.641 0
126.742 0
126.84 0
126.941 0
127.042 0
127.144 0
127.246 0
127.349 2
127.445 0
127.548 0
127.703 2
127.855 3
127.888 3
127.956 1
128.054 0
128.163 0
128.262 0
128.366 2
128.595 3
128.746 1
128.852 0
128.9 0
129.008 0
129.104 0
129.207 2
129.302 0
129.403 0
129.506 2
129.66 0
129.71 0
130.105 0
130.216 0
130.246 0
130.271 0
130.3 0
130.324 0
130.417 0
130.517 0
130.613 0
130.715 0
130.867 0
130.974 0
131.024 0
131.119 0
131.22 0
131.32 0
131.421 0
131.526 0
131.627 0
131.728 0
131.825 0
131.927 0
132.028 0
132.129 0
132.227 0
132.328 0
132.486 0
132.532 0
132.79 0
132.818 0
132.841 0
132.992 0
133.038 0
133.138 0
133.237 0
133.337 0
133.441 0
133.548 0
133.741 0
133.769 0
133.902 0
134 0
134.098 0
134.148 0
134.255 0
134.402 0
134.549 0
134.574 0
134.653 0
134.907 0
134.931 0
134.96 0
135.055 0
135.158 0
135.26 0
135.356 0
135.46 0
135.557 0
135.717 0
135.766 0
135.86 0
136.013 0
136.069 0
136.168 0
136.265 0
136.373 0
136.524 0
136.614 0
136.673 0
136.769 0
136.874 0
136.974 0
137.074 0
137.173 0
137.273 0
137.429 0
137.577 0
137.634 0
137.681 2
137.831 0
137.883 0
138.035 0
138.083 0
138.182 0
138.284 0
138.388 2
138.537 0
138.595 0
138.691 2
138.789 0
138.895 0
138.993 0
139.089 0
139.194 0
139.294 0
139.394 0
139.503 0
139.699 0
139.752 2
139.798 0
139.898 0
140.051 0
140.106 2
140.205 0
140.3 0
140.402 2
140.507 0
140.659 0
140.709 0
140.815 0
140.92 0
141.019 0
141.276 0
141.38 0
141.549 2
141.635 0
141.735 0
141.839 0
141.891 0
141.985 0
142.089 0
142.192 0
142.291 0
142.393 0
142.492 0
142.644 0
142.849 0
142.873 0
142.955 0
142.998 0
143.099 0
143.205 2
143.357 0
143.402 0
143.559 2
143.612 0
143.805 0
143.827 0
143.907 0
144.004 0
144.12 0
144.208 0
144.308 0
144.469 0
144.611 0
144.637 0
144.724 0
144.925 0
145.07 0
145.096 2
145.125 0
145.225 2
145.319 0
145.571 2
145.601 0
145.63 0
145.727 2
145.88 0
145.978 0
146.028 0
146.128 0
146.227 0
146.333 0
146.635 0
146.663 0
146.689 0
146.735 0
146.835 0
147.032 0
147.067 0
147.141 0
147.251 0
147.335 0
147.537 0
147.594 2
147.645 0
147.742 0
147.968 0
147.996 0
148.064 0
148.161 0
148.265 0
148.363 0
148.461 0
148.57 2
148.723 3
148.819 1
148.875 0
148.979 0
149.067 0
149.172 0
149.277 0
149.373 0
149.477 0
149.574 0
149.675 0
149.783 0
149.936 0
149.986 0
150.084 0
150.178 0
150.282 0
150.436 0
150.484 0
150.845 0
150.868 0
150.887 0
150.911 0
150.99 0
151.089 0
151.187 0
151.287 0
151.387 0
151.492 0
151.741 0
151.761 0
151.794 0
152.05 0
152.196 0
152.218 0
152.255 0
152.298 0
152.399 0
152.56 0
152.607 0
152.705 0
152.805 0
152.906 0
153.104 0
153.124 0
153.311 0
153.33 0
153.412 0
153.508 0
153.611 0
153.763 0
153.86 0
153.915 0
154.115 0
154.164 0
154.218 0
154.315 0
154.469 0
154.522 0
154.626 2
154.819 3
154.838 1
154.923 0
155.021 0
155.125 2
155.283 0
155.329 0
155.428 0
155.576 0
155.63 0
155.731 0
155.886 0
155.99 0
156.034 0
156.13 0
156.236 0
156.336 2
156.437 0
156.538 0
156.693 2
156.796 0
156.845 0
156.94 2
157.093 3
157.149 3
157.244 3
157.347 3
157.45 3
157.552 3
157.804 3
157.959 3
158.012 3
158.161 3
158.217 3
158.312 3
158.411 3
158.615 3
158.665 3
158.767 3
158.867 3
158.974 3
159.068 3
159.122 3
159.225 3
159.321 3
159.476 3
159.574 3
159.626 3
159.778 3
159.827 3
160.03 3
160.051 3
160.129 3
160.229 3
160.381 3
160.433 3
160.541 3
160.633 3
160.736 3
160.891 3
160.941 3
161.039 3
161.141 3
161.241 3
161.341 3
161.441 3
161.544 3
161.643 3
161.8 3
161.844 3
162.045 3
162.063 3
162.148 3
162.249 3
162.347 3
162.509 3
162.701 3
162.912 3
162.928 3
162.95 3
163.01 3
163.055 3
163.214 3
163.258 3
163.361 3
163.46 3
163.612 3
163.765 3
163.861 3
163.88 3
163.97 3
164.064 3
164.166 3
164.266 3
164.367 3
164.567 3
164.584 3
164.725 3
164.773 3
164.876 3
164.978 3
165.133 3
165.182 3
165.276 3
165.374 3
165.477 3
165.582 3
165.678 3
165.886 3
165.938 3
165.983 3
166.086 3
166.182 3
166.281 3
166.384 3
166.492 3
166.587 3
166.686 3
166.796 3
166.943 3
166.993 1
167.145 0
167.191 0
167.293 0
167.394 0
167.498 0
167.597 0
167.697 0
167.801 0
167.904 0
168.003 0
168.105 0
168.211 0
168.306 0
168.404 0
168.706 0
168.86 0
168.879 2
168.902 2
168.966 0
169.016 2
169.118 3
169.224 3
169.316 3
169.421 3
169.675 3
169.953 3
169.973 3
170.002 3
170.12 3
170.177 3
170.269 3
170.373 3
170.476 3
170.578 3
170.675 3
170.78 3
170.889 3
171.086 3
171.108 3
171.176 3
171.281 1
171.385 0
171.539 0
171.586 0
171.791 0
171.809 0
171.881 0
171.981 0
172.085 0
172.19 0
172.284 0
172.394 0
172.487 0
172.584 0
172.69 0
172.794 0
173.088 0
173.103 0
173.149 0
173.194 0
173.289 0
173.395 2
173.494 0
173.594 0
173.705 0
173.796 0
173.948 0
174.008 2
174.161 0
174.216 0
174.308 0
174.415 0
174.511 0
174.614 0
174.766 0
174.868 0
174.969 0
175.01 0
175.117 0
175.218 0
175.32 0
175.421 0
175.519 0
175.67 0
175.727 0
175.872 0
176.031 0
176.048 0
176.124 2
176.229 3
176.33 1
176.429 0
176.528 0
176.78 0
176.804 0
176.842 2
176.941 3
177.089 3
177.14 3
177.237 3
177.343 3
177.445 3
177.55 3
177.643 3
177.884 3
177.985 3
178.081 3
178.181 3
178.294 3
178.386 3
178.546 3
178.586 3
178.744 3
178.795 3
178.894 3
178.993 3
179.096 3
179.194 3
179.346 3
179.398 3
179.55 3
179.598 3
179.863 3
179.887 3
179.958 3
180.02 3
180.117 3
180.264 3
180.32 3
180.472 3
180.513 3
180.609 3
180.71 3
180.814 3
180.913 3
181.011 3
181.113 3
181.318 3
181.339 3
181.617 3
181.634 3
181.659 3
181.728 3
181.819 3
181.98 3
182.083 3
182.135 3
182.234 3
182.331 3
182.432 3
182.533 3
182.64 3
182.79 3
182.83 3
182.988 3
183.036 3
183.237 3
183.259 3
183.339 3
183.437 3
183.59 3
183.64 3
183.743 3
183.946 3
183.975 3
184.2 3
184.249 3
184.268 3
184.345 3
184.455 3
184.65 3
184.749 3
184.807 3
184.85 3
184.956 3
185.106 3
185.157 3
185.25 3
185.355 3
185.452 3
185.611 3
185.661 3
185.809 3
185.959 3
185.984 3
186.165 3
186.195 3
186.318 3
186.367 3
186.463 3
186.564 3
186.719 3
186.768 3
186.915 3
186.975 3
187.077 3
187.176 3
187.275 3
187.382 3
187.477 3
187.58 3
187.675 3
187.927 3
187.95 3
187.981 3
188.336 3
188.361 3
188.382 3
188.402 3
188.489 3
188.639 3
188.74 3
188.789 3
188.896 3
189.002 3
189.095 3
189.198 3
189.299 3
189.397 3
189.501 3
189.598 3
189.702 3
189.858 3
189.903 3
190.003 3
190.161 3
190.219 3
190.313 3
190.409 3
190.66 3
190.767 3
190.871 3
190.969 3
191.072 3
191.173 3
191.266 3
191.374 3
191.468 3
191.723 3
191.741 3
191.773 1
192.032 0
192.062 0
192.135 0
192.185 0
192.381 0
192.409 0
192.482 0
192.587 0
192.69 0
192.793 0
192.986 0
193.001 0
193.282 2
193.299 0
193.321 2
193.382 0
193.538 0
193.583 0
193.689 0
193.841 0
193.889 0
194.037 0
194.137 0
194.19 0
194.294 0
194.391 0
194.495 0
194.593 0
194.693 0
194.795 0
194.895 0
195.002 0
195.156 0
195.208 0
195.304 0
195.398 0
195.553 0
195.606 0
195.705 0
195.804 0
195.962 0
196.308 0
196.323 0
196.349 0
196.376 0
196.419 0
196.515 0
196.666 0
196.719 2
196.868 0
196.964 0
197.021 0
197.174 0
197.222 2
197.327 0
197.428 0
197.587 0
197.633 2
197.795 3
197.878 1
197.937 3
198.086 3
198.137 1
198.24 3
198.394 3
198.446 3
198.544 3
198.645 3
198.99 3
199.009 3
199.09 3
199.19 3
199.29 3
199.394 3
199.493 3
199.594 3
199.698 3
199.849 3
199.95 3
200.006 3
200.155 3
200.209 3
200.362 3
200.456 3
200.507 3
200.604 3
200.767 3
200.862 3
200.909 3
201.012 3
201.108 3
201.209 3
201.318 3
201.572 3
201.601 3
201.628 3
201.778 3
202.027 3
202.06 3
202.094 3
202.132 3
202.279 3
202.332 3
202.441 3
202.635 3
202.668 3
202.789 3
202.888 3
202.935 3
203.037 3
203.141 3
203.241 3
203.341 3
203.445 3
203.533 3
203.686 3
203.738 3
203.84 3
203.937 3
204.043 3
204.139 3
204.241 3
204.346 3
204.443 3
204.543 3
204.646 3
204.743 3
204.846 3
204.949 3
205.05 3
205.148 3
205.253 3
205.351 3
205.451 3
205.555 3
205.657 3
205.805 3
205.863 3
206.014 3
206.061 3
206.163 3
206.261 3
206.368 3
206.475 3
206.624 3
206.722 1
206.876 0
206.9 0
206.976 0
207.069 0
207.172 0
207.273 0
207.427 0
207.531 0
207.582 0
207.825 0
207.844 0
207.879 0
207.982 0
208.09 2
208.282 3
208.309 3
208.545 3
208.575 3
208.602 3
208.697 3
208.787 3
208.935 3
209.052 3
209.139 3
209.191 3
209.294 3
209.391 3
209.542 3
209.594 3
209.752 3
209.851 3
209.899 3
209.996 3
210.099 3
210.205 1
210.303 3
210.401 3
210.561 3
210.615 3
210.77 3
210.854 3
211.049 3
211.149 3
211.261 3
211.359 3
211.462 3
211.669 3
211.702 3
211.867 3
211.899 3
212.02 3
212.124 3
212.183 3
212.383 3
212.416 3
212.467 3
212.57 3
212.67 3
212.769 3
212.869 3
212.971 3
213.074 3
213.174 3
213.277 3
213.375 3
213.478 3
213.578 3
213.676 1
213.775 0
213.878 0
213.983 2
214.091 0
214.195 2
214.291 0
214.388 2
214.497 3
214.636 3
214.741 3
214.796 3
214.952 3
215.002 3
215.108 3
215.208 3
215.302 3
215.398 3
215.506 3
215.605 3
215.759 3
215.957 3
215.979 3
216.052 3
216.112 3
216.211 3
216.314 3
216.413 3
216.513 3
216.615 3
216.716 3
216.816 3
217.015 3
217.048 3
217.167 3
217.213 1
217.313 3
217.414 1
217.614 0
217.724 0
217.78 0
217.826 0
217.928 2
218.026 3
218.134 3
218.223 3
218.323 3
218.423 3
218.579 3
218.635 3
218.905 3
218.944 3
219.024 3
219.127 3
219.234 3
219.51 3
219.533 3
219.564 3
219.709 3
219.766 3
219.859 3
220.016 3
220.112 3
220.162 3
220.263 3
220.358 3
220.461 3
220.568 3
220.665 3
220.765 3
220.919 3
220.971 3
221.167 3
221.187 3
221.27 3
221.372 3
221.47 3
221.569 3
221.733 3
221.773 3
221.876 3
221.981 3
222.076 3
222.238 3
222.283 3
222.378 3
222.483 3
222.583 3
222.738 3
222.784 3
222.89 3
222.985 3
223.083 3
223.285 3
223.306 3
223.387 3
223.487 3
223.641 3
223.694 3
223.791 3
223.901 3
224.249 3
224.267 3
224.292 3
224.504 3
224.527 3
224.553 3
224.608 3
224.701 3
224.808 3
225.056 3
225.087 3
225.122 3
225.219 3
225.318 3
225.415 3
225.52 3
225.672 3
225.721 3
225.913 3
225.937 3
226.014 3
226.115 3
226.223 3
226.326 3
226.479 3
226.58 3
226.676 3
226.733 3
226.831 3
226.93 3
227.037 3
227.183 3
227.237 3
227.334 3
227.434 3
227.536 3
227.691 3
227.739 3
227.896 3
227.996 3
228.045 3
228.399 3
228.453 3
228.485 3
228.518 3
228.547 3
228.694 3
228.741 3
228.844 3
228.952 3
229.202 3
229.232 3
229.452 3
229.474 3
229.5 3
229.548 3
229.648 3
229.85 3
230.003 3
230.053 3
230.159 3
230.179 3
230.253 3
230.357 3
230.468 3
230.561 3
230.715 3
230.764 3
230.917 3
230.963 3
231.071 3
231.165 3
231.271 3
231.379 3
231.47 3
231.78 3
231.822 3
231.929 3
232.028 3
232.13 3
232.231 3
232.332 3
232.431 3
232.537 3
232.634 3
232.797 3
232.838 3
232.99 3
233.142 3
233.197 3
233.242 3
233.34 3
233.494 3
233.543 3
233.702 3
233.801 3
233.846 3
233.948 3
234.056 3
234.161 3
234.251 3
234.353 3
234.452 3
234.549 3
234.651 3
234.757 3
234.861 3
234.963 3
235.064 1
235.232 3
235.374 3
235.41 3
235.475 3
235.571 3
235.722 3
235.781 3
236.024 3
236.057 3
236.132 3
236.185 3
236.278 3
236.378 3
236.478 3
236.579 3
236.677 3
236.778 3
236.875 3
236.98 3
237.13 3
237.18 3
237.284 3
237.389 3
237.488 3
237.591 3
237.733 3
237.882 3
238.041 3
238.066 3
238.098 3
238.194 3
238.291 3
238.399 3
238.499 3
238.602 3
238.703 3
238.805 3
238.901 3
239.052 3
239.1 3
239.202 3
239.313 3
239.412 3
239.521 3
239.664 3
239.869 3
239.972 3
240.174 3
240.209 3
240.33 3
240.377 3
240.48 3
240.585 3
240.689 3
240.785 3
240.887 3
240.985 3
241.089 3
241.189 3
241.286 3
241.391 3
241.492 3
241.591 3
241.693 3
241.791 3
241.893 3
241.994 3
242.098 3
242.198 3
242.307 3
242.455 3
242.505 3
242.602 3
242.703 3
242.857 3
242.904 3
243.056 3
243.16 3
243.206 3
243.308 3
243.409 3
243.507 3
243.613 3
243.763 3
243.812 3
243.914 3
244.016 3
244.117 3
244.22 3
244.32 3
244.417 3
244.52 3
244.618 3
244.818 3
245.172 3
245.205 3
245.326 3
245.36 3
245.389 3
245.423 3
245.458 3
245.53 3
245.631 3
245.734 3
245.831 3
245.938 3
246.032 3
246.134 3
246.24 3
246.341 3
246.439 3
246.537 3
246.688 3
246.74 3
246.937 3
246.973 3
247.043 3
247.142 3
247.288 3
247.342 3
247.444 3
247.544 3
247.745 3
247.778 3
247.902 3
247.955 3
248.053 3
248.198 3
248.251 3
248.36 3
248.463 3
248.558 3
248.658 3
248.758 3
249.012 3
249.046 3
249.165 3
249.198 3
249.271 3
249.366 3
249.464 3
249.566 3
249.668 3
249.772 3
249.928 3
250.021 3
250.116 3
250.167 3
250.268 3
250.367 3
250.467 3
250.573 3
250.669 3
250.975 3
251.009 3
251.043 3
251.09 3
251.184 3
251.29 3
251.384 3
251.488 3
251.588 3
251.693 3
251.793 3
252.036 3
252.139 3
252.243 3
252.333 3
252.442 3
252.535 3
252.641 3
252.742 3
252.941 3
252.964 3
253.145 3
253.167 3
253.254 3
253.354 3
253.455 3
253.553 3
253.653 3
253.757 3
253.85 3
253.957 3
254.059 3
254.158 3
254.261 3
254.361 3
254.467 3
254.562 3
254.666 3
254.765 3
254.866 3
255.013 3
255.073 3
255.323 3
255.356 3
255.388 3
255.472 3
255.579 3
255.679 3
255.781 3
255.933 3
256.081 3
256.184 3
256.228 3
256.286 3
256.385 3
256.484 1
256.584 3
256.687 1
256.841 0
256.988 0
257.032 0
257.145 0
257.191 0
257.296 0
257.396 0
257.484 0
257.586 0
257.687 0
257.789 0
257.891 0
257.993 0
258.297 0
258.329 0
258.356 0
258.403 2
258.514 3
258.606 3
258.706 3
258.807 3
258.91 3
259.011 3
259.163 3
259.206 3
259.312 3
259.417 3
259.532 3
259.617 3
259.911 3
260.065 3
260.098 3
260.162 3
260.315 3
260.37 3
260.469 3
260.574 3
260.67 3
260.828 3
260.93 3
261.039 3
261.126 3
261.18 3
261.279 3
261.377 3
261.476 3
261.576 3
261.695 3
261.79 3
262.049 3
262.083 3
262.124 3
262.205 3
262.301 3
262.402 3
262.549 3
262.6 3
262.699 3
262.804 3
262.899 3
262.994 3
263.199 3
263.253 3
263.349 3
263.399 3
263.497 3
263.602 3
263.708 3
263.857 3
263.904 3
264.064 3
264.257 3
264.286 3
264.324 3
264.419 3
264.517 3
264.613 3
264.716 3
264.815 3
264.967 3
265.022 3
265.118 3
265.218 3
265.323 3
265.419 3
265.524 3
265.62 3
265.725 3
265.828 3
266.08 3
266.114 3
266.279 3
266.311 3
266.549 3
266.587 3
266.628 3
266.671 3
266.778 3
266.885 3
267.031 3
267.145 3
267.351 3
267.407 3
267.542 3
267.593 3
267.673 3
267.789 3
267.89 3
267.989 3
268.094 3
268.249 3
268.356 3
268.45 3
268.519 3
268.612 3
268.758 3
268.834 3
268.92 3
269.036 3
269.13 3
269.282 3
269.343 3
269.426 3
269.526 3
269.644 3
269.745 3
269.847 3
269.939 3
270.138 3
270.188 3
270.268 3
270.378 3
270.463 3
270.572 3
270.659 3
270.748 3
270.859 3
270.974 3
271.067 3
271.22 3
271.274 3
271.369 3
271.531 3
271.58 3
271.671 3
271.775 3
271.89 3
271.997 3
272.613 3
272.738 3
272.801 3
272.864 3
272.99 3
273.048 3
273.266 3
273.543 3
273.584 3
273.621 3
273.663 3
273.701 3
273.74 3
273.784 3
273.868 3
274.037 3
274.111 3
274.272 3
274.421 3
274.467 3
274.538 3
274.862 3
274.914 3
274.972 1
275.083 3
275.136 1
275.22 3
275.356 3
275.426 3
275.521 1
275.614 3
275.709 1
275.824 0
275.958 0
276.061 0
276.117 0
276.217 0
276.323 2
276.412 0
276.51 0
276.619 0
276.734 0
277.008 2
277.045 2
277.1 3
277.28 3
277.311 3
277.394 3
277.492 3
277.65 3
277.69 3
277.795 3
278.051 3
278.097 3
278.135 3
278.21 3
278.294 3
278.396 1
278.494 0
278.603 2
278.703 3
278.852 3
278.91 3
279.009 3
279.157 3
279.213 3
279.312 3
279.411 3
279.508 3
279.614 3
279.706 3
279.807 3
279.958 3
280.024 3
280.126 3
280.234 3
280.342 3
280.418 1
280.676 0
280.776 0
280.881 0
280.976 0
281.08 0
281.18 0
281.284 0
281.383 0
281.486 0
281.585 0
281.683 0
281.788 0
281.893 0
281.99 0
282.089 0
282.248 0
282.341 0
282.397 0
282.492 0
282.597 0
282.701 0
282.802 0
282.897 0
283.099 0
283.124 0
283.305 0
283.341 0
283.442 0
283.523 0
283.619 0
283.766 0
283.866 0
283.92 0
284.014 0
284.118 0
284.217 0
284.319 0
284.421 0
284.513 0
284.615 0
284.716 0
284.819 0
285.071 0
285.231 0
285.256 0
285.281 0
285.373 0
285.432 0
285.526 0
285.63 0
285.729 0
286.13 0
286.157 0
286.183 0
286.213 0
286.336 0
286.449 0
286.487 0
286.551 0
286.699 0
286.753 0
286.854 0
286.948 0
287.056 0
287.165 0
287.256 0
287.355 0
287.466 0
287.622 0
287.731 0
288.045 0
288.084 0
288.139 0
288.242 0
288.305 0
288.396 0
288.448 0
288.543 0
288.636 0
288.737 0
288.84 0
289.037 0
289.104 0
289.221 0
289.264 0
289.362 0
289.454 0
289.563 0
289.665 0
289.787 0
289.992 0
290.04 0
290.198 2
290.253 0
290.37 2
290.43 0
290.722 2
290.781 0
290.834 0
290.892 0
290.962 0
291.103 0
291.174 0
291.278 0
291.368 0
291.46 0
291.566 0
291.673 0
291.964 2
292.062 0
292.113 2
292.158 2
292.209 0
292.355 0
292.396 0
292.464 0
292.606 0
292.661 0
292.758 0
292.879 2
293.011 0
293.212 0
293.571 0
293.604 0
293.634 0
293.665 0
293.718 0
293.813 0
293.913 0
294.07 0
294.122 0
294.23 0
294.527 0
294.561 0
294.593 0
294.637 0
294.735 2
294.833 0
294.927 0
295.026 0
295.131 0
295.294 2
295.387 0
295.439 0
295.53 0
295.633 0
295.748 0
295.843 0
295.948 0
296.114 2
296.153 2
296.256 0
296.341 0
296.45 0
296.545 0
296.648 2
296.741 0
296.853 2
296.952 3
297.108 3
297.155 3
297.257 3
297.555 3
297.587 3
297.617 3
297.661 3
297.77 3
297.861 3
297.96 3
298.059 3
298.168 3
298.264 3
298.511 3
298.536 3
298.567 3
298.663 3
298.771 3
298.871 3
299.026 3
299.131 3
299.175 3
299.271 3
299.378 3
299.476 3
299.572 3
299.73 3
299.788 3
299.896 3
299.985 3
300.089 3
300.178 3
300.284 3
300.384 3
300.485 3
300.589 3
300.692 3
300.799 3
301.027 3
301.119 3
301.282 3
301.325 3
301.427 3
301.53 3
301.625 3
301.727 3
301.834 3
301.929 3
302.087 3
302.183 3
302.23 3
302.387 3
302.447 3
302.537 3
302.636 3
302.742 3
302.837 3
302.941 3
303.041 3
303.144 3
303.243 3
303.344 3
303.451 3
303.548 3
303.649 3
303.748 3
304.049 3
304.074 3
304.102 3
304.207 3
304.307 3
304.354 3
304.469 3
304.555 3
304.659 3
304.808 3
304.86 3
304.96 3
305.068 3
305.262 3
305.289 3
305.368 3
305.465 3
305.567 3
305.671 3
305.818 3
305.874 3
305.974 3
306.175 3
306.201 3
306.277 3
306.375 3
306.474 3
306.58 3
306.727 3
306.787 3
306.886 3
306.977 3
307.132 3
307.19 3
307.28 3
307.396 3
307.483 3
307.586 3
307.684 3
307.792 3
307.942 3
307.996 3
308.09 3
308.196 3
308.345 3
308.401 3
308.491 3
308.595 3
308.699 3
308.804 3
308.947 3
309.003 3
309.107 3
309.203 3
309.35 3
309.404 3
309.506 3
309.606 3
309.707 3
309.81 3
309.912 3
310.009 3
310.119 3
310.274 3
310.324 3
310.417 3
310.515 3
310.618 3
310.776 3
310.82 3
310.922 3
311.073 3
311.128 3
311.225 3
311.424 3
311.449 3
311.584 3
311.68 3
311.728 3
311.826 3
311.933 3
312.084 3
312.139 3
312.247 3
312.345 3
312.443 3
312.54 3
312.7 3
312.805 3
312.851 3
312.955 3
313.065 3
313.205 3
313.262 3
313.364 3
313.469 3
313.998 3
314.031 3
314.054 3
314.138 3
314.191 3
314.289 3
314.439 3
314.5 3
314.598 3
314.698 3
314.804 3
314.914 3
315.155 3
315.183 3
315.214 3
315.312 3
315.413 3
315.513 3
315.607 3
315.714 3
315.817 3
316.09 3
316.138 3
316.272 3
316.438 3
316.476 3
316.527 3
316.595 3
316.684 3
316.782 1
316.929 0
317.299 2
317.332 0
317.543 0
317.578 0
317.609 2
317.656 2
317.696 3
317.737 3
317.84 3
317.911 3
318.011 3
318.105 3
318.26 3
318.402 3
318.438 3
318.516 3
318.611 3
318.804 3
318.863 3
318.911 3
319.007 3
319.108 3
319.212 3
319.307 3
319.409 3
319.511 3
319.612 3
319.711 3
319.864 3
320.02 3
320.054 3
320.127 3
320.221 3
320.324 3
320.425 3
320.572 3
320.633 3
320.778 3
320.886 3
320.928 3
321.278 3
321.308 3
321.334 3
321.362 3
321.44 3
321.533 3
321.635 3
321.736 3
321.894 3
321.968 3
322.27 3
322.6 3
322.63 3
322.659 3
322.688 3
322.713 3
322.802 3
322.901 3
323.003 3
323.104 3
323.206 3
323.306 3
323.412 3
323.661 3
323.69 3
323.718 3
323.813 3
323.91 3
324.066 3
324.163 3
324.264 3
324.372 3
324.472 3
324.58 3
324.624 3
324.727 3
324.874 3
325.121 3
325.15 3
325.191 3
325.232 3
325.331 3
325.432 3
325.529 3
325.678 3
325.734 3
325.837 3
325.985 3
326.038 3
326.184 3
326.245 3
326.344 3
326.44 3
326.54 3
326.647 3
326.744 3
326.853 3
326.953 3
327.045 3
327.148 3
327.25 3
327.345 3
327.549 3
327.581 3
327.653 3
327.754 3
328.006 3
328.251 3
328.282 3
328.314 3
328.503 3
328.532 3
328.564 3
328.606 3
328.697 3
328.798 3
328.899 3
328.999 3
329.103 3
329.201 3
329.358 3
329.408 3
329.509 3
329.606 3
329.706 3
329.911 3
329.966 3
330.056 3
330.118 3
330.266 3
330.313 3
330.417 3
330.519 3
330.668 3
330.774 3
330.823 3
330.973 3
331.077 3
331.172 3
331.224 3
331.326 3
331.425 3
331.524 3
331.627 3
331.727 3
332.035 3
332.246 3
332.279 3
332.316 3
332.344 3
332.398 3
332.439 3
332.549 3
332.704 3
332.757 3
332.848 3
332.947 3
333.049 3
333.203 3
333.299 3
333.41 3
333.454 3
333.554 3
333.652 3
333.757 3
333.851 3
333.956 3
334.061 3
334.17 3
334.264 3
334.528 3
334.628 3
334.73 3
334.882 3
334.934 3
335.037 3
335.191 3
335.241 3
335.387 3
335.446 3
335.542 3
335.641 3
335.742 3
335.846 3
335.947 3
336.05 3
336.15 3
336.249 3
336.408 3
336.553 3
336.587 3
336.652 3
336.757 3
336.858 3
337.308 3
337.341 3
337.367 3
337.402 3
337.441 3
337.476 3
337.562 3
337.668 3
337.823 3
337.926 3
338.081 3
338.115 3
338.246 3
338.338 3
338.437 3
338.48 3
338.631 3
338.688 3
338.775 1
338.935 0
339.05 2
339.093 0
339.334 0
339.369 0
339.399 0
339.485 0
339.592 0
339.684 0
339.791 0
340.045 0
340.077 0
340.196 0
340.231 0
340.3 0
340.462 0
340.505 2
340.598 3
340.708 3
340.807 3
341.154 3
341.185 3
341.211 3
341.247 3
341.403 3
341.613 3
341.646 3
341.674 3
341.763 3
341.82 3
341.909 3
342.032 3
342.121 3
342.381 3
342.477 3
342.572 3
342.672 3
342.829 3
342.926 3
342.984 3
343.09 3
343.191 3
343.385 3
343.42 3
343.543 3
343.589 3
343.688 3
343.789 3
343.993 3
344.028 3
344.248 3
344.357 3
344.407 3
344.442 3
344.507 3
344.606 3
344.706 3
344.864 3
344.913 3
345.008 3
345.108 3
345.212 3
345.31 3
345.414 3
345.513 3
345.61 3
345.711 3
345.816 3
345.914 3
346.016 3
346.217 3
346.421 3
346.451 3
346.478 3
346.584 3
346.626 3
346.723 3
346.827 3
346.983 3
347.084 3
347.133 3
347.231 3
347.337 3
347.488 3
347.538 3
347.636 3
347.734 3
347.841 3
347.988 3
348.097 3
348.146 3
348.301 3
348.343 3
348.443 3
348.543 3
348.643 3
348.746 3
348.845 3
348.995 3
349.106 3
349.157 3
349.255 3
349.453 3
349.506 3
349.555 3
349.653 3
349.76 3
349.854 3
350.014 3
350.059 3
350.217 3
350.464 3
350.496 3
350.527 3
350.567 3
350.662 3
350.762 3
350.916 3
351.018 3
351.066 3
351.368 3
351.395 3
351.426 3
351.472 3
351.627 3
351.678 3
351.831 3
351.973 3
352.006 3
352.09 3
352.184 3
352.341 3
352.383 3
352.489 3
352.59 3
352.692 3
352.793 3
352.888 3
353.044 3
353.093 3
353.196 3
353.294 3
353.494 3
353.557 3
353.605 3
353.699 3
353.802 3
353.899 3
354.052 3
354.156 3
354.255 3
354.355 3
354.408 3
354.505 3
354.676 3
354.723 3
354.807 3
355.076 3
355.234 3
355.281 3
355.388 3
355.49 3
355.595 3
355.689 3
355.797 3
356.003 3
356.045 3
356.107 3
356.21 3
356.314 3
356.506 3
356.55 3
356.61 3
356.759 1
356.813 0
356.905 0
357.049 0
357.156 0
357.311 0
357.366 0
357.6 0
357.626 2
357.763 0
357.786 0
357.866 0
357.912 0
358.013 0
358.125 0
358.221 2
358.364 0
358.573 2
358.601 2
358.636 3
358.723 1
358.885 3
358.977 3
359.045 1
359.143 3
359.232 3
359.331 3
359.439 3
359.539 3
359.635 3
359.737 3
359.837 3
359.934 3
360.094 3
360.254 3
360.295 3
360.414 3
360.506 3
360.567 3
360.655 3
360.756 1
360.863 3
361.011 3
361.06 1
361.159 0
361.256 0
361.46 0
361.606 2
361.631 0
361.714 2
361.758 0
361.861 2
361.965 0
362.064 0
362.168 0
362.323 0
362.468 2
362.77 0
362.796 0
362.838 2
362.875 0
362.914 0
362.984 0
363.085 0
363.231 2
363.339 3
363.439 3
363.488 3
363.599 3
363.699 3
363.786 3
364.058 3
364.157 3
364.263 3
364.462 3
364.484 3
364.563 3
364.671 3
364.82 3
364.922 3
364.98 3
365.127 3
365.186 3
365.283 3
365.379 3
365.478 3
365.58 3
365.686 3
365.784 3
365.936 3
366.083 3
366.189 3
366.22 3
366.295 3
366.592 3
366.624 3
366.703 3
366.737 3
366.811 3
366.904 3
367.056 3
367.154 3
367.218 3
367.316 3
367.417 3
367.52 3
367.672 3
367.716 3
367.818 3
367.924 3
368.026 3
368.175 3
368.285 3
368.322 3
368.419 3
368.519 3
368.615 3
368.718 3
368.824 3
368.925 3
369.275 3
369.315 3
369.35 3
369.38 3
369.526 3
369.556 3
369.632 3
369.731 3
369.832 3
369.936 3
370.035 3
370.193 3
370.439 3
370.47 3
370.511 1
370.576 0
370.67 0
370.885 0
370.928 0
371.082 0
371.126 0
371.25 0
371.417 0
371.461 0
371.56 0
371.621 0
371.71 0
371.816 0
371.916 0
372.289 0
372.322 0
372.356 0
372.392 0
372.63 0
372.7 0
372.799 0
372.867 0
373.038 0
373.095 0
373.208 0
373.355 0
373.449 2
373.517 3
373.605 1
373.704 0
373.806 2
373.951 3
374.019 3
374.167 3
374.301 3
374.445 3
374.499 3
374.575 3
374.668 3
374.789 3
374.91 3
375.002 3
375.085 3
375.191 3
375.329 3
375.399 3
375.513 3
375.618 3
375.725 3
376.081 3
376.128 3
376.429 3
376.458 3
376.49 3
376.531 3
376.962 3
376.994 3
377.032 3
377.089 3
377.139 3
377.189 3
377.293 3
377.337 3
377.432 3
377.529 3
377.637 3
377.737 3
377.84 3
377.999 3
378.056 3
378.191 3
378.416 3
378.453 3
378.514 3
378.568 3
378.733 3
378.789 3
378.932 3
379.006 3
379.084 3
379.25 3
379.311 3
379.384 3
379.537 3
379.604 3
379.762 3
379.797 1
379.942 3
380.02 3
380.11 3
380.225 1
380.311 0
380.408 0
380.67 0
380.913 0
380.947 0
380.982 0
381.021 0
381.063 0
381.129 0
381.218 0
381.314 0
381.414 0
381.511 0
381.689 0
381.738 0
381.822 2
381.915 0
382.025 0
382.133 0
382.25 0
382.686 0
382.729 0
382.765 0
382.799 0
382.835 0
382.895 0
382.983 0
383.092 0
383.236 0
383.298 0
383.395 0
383.557 2
383.688 0
383.745 0
383.83 0
383.992 0
384.055 0
384.259 0
384.401 0
384.437 0
384.476 0
384.598 0
384.654 0
384.812 0
384.86 0
384.963 0
385.117 0
385.216 0
385.259 0
385.667 0
385.71 0
385.783 0
385.866 0
385.921 0
386.003 0
386.336 0
386.476 0
386.517 0
386.566 0
386.667 0
386.727 2
386.813 0
386.914 0
387.157 0
387.192 2
387.228 0
387.365 2
387.412 0
387.554 0
387.611 0
387.706 0
387.864 0
388.02 0
388.061 0
388.171 2
388.241 0
388.525 0
388.561 2
388.599 2
388.63 0
388.731 0
388.827 2
388.932 3
389.022 3
389.204 1
389.596 3
389.618 1
389.653 3
389.811 1
389.905 3
390.015 3
390.06 3
390.212 1
390.315 0
390.562 0
390.591 0
390.62 2
390.814 0
390.921 0
391.025 2
391.182 0
391.228 0
391.329 2
391.624 0
391.687 0
391.715 0
391.741 0
391.827 0
391.929 0
392.033 0
392.129 0
392.387 0
392.415 0
392.538 0
392.561 0
392.642 0
392.735 0
392.843 0
392.936 0
393.102 2
393.149 0
393.295 0
393.392 0
393.494 0
393.545 0
393.704 0
393.801 0
393.85 0
393.997 0
394.102 0
394.157 0
394.261 0
394.357 0
394.463 0
394.56 0
394.954 0
394.979 2
395.005 0
395.033 0
395.108 0
395.253 0
395.359 0
395.407 0
395.502 0
395.659 0
395.802 0
395.824 0
395.901 0
396.005 0
396.105 0
396.256 0
396.36 0
396.464 0
396.666 0
396.691 0
396.72 0
396.827 0
397.169 0
397.201 0
397.232 2
397.34 0
397.368 0
397.491 0
397.581 0
397.68 0
397.737 0
397.835 0
397.933 0
398.084 0
398.138 0
398.245 0
398.343 0
398.501 0
398.547 0
398.641 0
398.745 0
398.849 2
399.004 0
399.168 0
399.196 0
399.271 0
399.389 0
399.661 0
400.034 0
400.073 0
400.113 0
400.158 0
400.195 0
400.244 0
400.343 0
400.393 0
400.486 0
400.608 0
400.712 0
400.858 0
401.204 0
401.227 0
401.255 0
401.282 0
401.461 0
401.485 0
401.563 0
401.658 0
401.735 0
401.983 0
402.01 0
402.088 0
402.194 0
402.284 2
402.586 0
402.608 0
402.795 0
402.823 0
402.853 0
403.042 0
403.062 0
403.194 0
403.217 0
403.296 0
403.512 2
403.536 2
403.6 0
403.699 0
403.796 0
403.903 2
404.051 3
404.109 3
404.209 3
404.303 3
404.471 3
404.514 3
404.604 3
404.868 3
405.009 3
405.065 3
405.219 3
405.269 3
405.366 3
405.522 3
405.617 3
405.733 3
405.777 3
406.064 3
406.132 3
406.238 3
406.429 3
406.447 3
406.532 3
406.632 3
406.737 3
406.987 3
407.094 3
407.294 3
407.312 3
407.333 3
407.396 3
407.497 3
407.544 1
407.645 0
407.746 0
407.962 0
408.024 0
408.168 2
408.191 0
408.269 0
408.415 0
408.636 0
408.658 0
408.731 0
408.783 0
408.88 0
409.037 2
409.302 0
409.326 0
409.364 0
409.546 0
409.568 0
409.595 0
409.696 2
409.79 0
409.901 0
410.047 0
410.244 0
410.266 2
410.297 0
410.397 0
410.503 2
410.696 0
410.711 0
410.798 0
410.901 0
411.007 0
411.102 0
411.205 0
411.308 0
411.406 0
411.506 0
411.612 0
411.705 0
411.811 0
411.96 0
412.063 0
412.119 0
412.214 0
412.419 0
412.436 0
412.515 0
412.617 0
413.055 2
413.075 0
413.099 0
413.119 0
413.219 0
413.266 0
413.41 0
413.511 0
413.564 0
413.667 0
413.766 0
413.866 0
414.218 0
414.237 0
414.257 0
414.278 0
414.42 0
414.469 0
414.573 0
414.724 0
414.777 0
414.875 0
414.98 0
415.136 0
415.195 0
415.285 0
415.447 0
415.491 0
415.64 0
415.689 0
415.787 0
415.888 0
416.044 0
416.39 0
416.642 0
416.662 0
416.684 0
416.703 0
416.724 0
416.751 0
416.797 0
416.899 2
417.095 0
417.112 0
417.201 0
417.302 0
417.408 2
417.504 3
417.606 3
417.704 3
417.803 3
417.906 3
418.008 3
418.107 3
418.206 3
418.369 3
418.466 3
418.567 3
418.665 3
418.72 3
418.815 3
418.92 3
419.019 3
419.125 3
419.222 3
419.425 3
419.448 3
419.522 1
419.732 3
419.779 3
419.826 1
419.983 3
420.032 3
420.133 3
420.232 1
420.386 0
420.433 0
420.541 0
420.693 0
420.743 0
420.841 0
420.939 0
421.04 0
421.143 0
421.294 0
421.45 0
421.599 0
421.616 0
421.653 0
421.749 0
421.85 0
421.947 0
422.103 0
422.305 0
422.325 0
422.358 0
422.453 0
422.554 0
422.66 0
422.813 0
423.015 0
423.032 0
423.064 0
423.16 0
423.269 0
423.418 0
423.47 0
423.563 0
423.669 0
423.768 0
423.868 0
423.972 0
424.124 0
424.174 0
424.275 0
424.376 0
424.476 0
424.578 0
424.675 0
424.883 0
424.903 0
424.982 0
425.082 0
425.282 0
425.3 0
425.385 0
425.537 0
425.639 0
425.748 0
425.797 0
425.897 0
426.056 0
426.15 0
426.201 0
426.299 0
426.452 0
426.554 0
426.601 0
426.7 0
426.801 0
426.907 0
427.008 0
427.203 0
427.26 0
427.366 0
427.418 0
427.52 0
427.617 0
427.715 0
427.918 0
427.938 0
428.023 0
428.182 0
