Time State
7.14428 0
7.24787 0
7.34744 0
7.4449 0
7.64746 0
7.65222 0
7.74774 0
7.84834 0
7.95114 0
8.05086 0
8.20568 0
8.30925 0
8.55561 0
8.75886 0
8.76428 0
8.90821 0
8.91653 0
8.92772 0
9.16328 0
9.17072 0
9.21931 0
9.56542 0
9.57271 0
9.62789 0
9.81473 0
9.91891 0
9.92684 0
9.93342 0
9.97232 0
10.1763 0
10.2254 0
10.2735 0
10.374 0
10.4729 0
10.5795 0
10.6774 0
10.8296 0
10.8817 0
10.979 0
11.0788 0
11.181 0
11.2793 0
11.3801 0
11.5344 0
11.5841 0
11.6825 0
11.8843 0
11.8918 0
11.9877 0
12.0865 0
12.1895 0
12.2875 0
12.3894 0
12.4915 0
12.5903 0
12.6916 0
12.7927 0
12.993 0
13.0004 0
13.0946 0
13.194 0
13.295 0
13.3973 0
13.5508 0
13.6015 0
13.7559 0
13.7999 0
13.9013 0
14.0028 0
14.2043 0
14.2125 0
14.3097 0
14.4065 0
14.507 0
14.6081 0
14.7083 0
14.8099 0
14.9099 0
15.0108 0
15.1197 0
15.2313 0
15.5115 0
15.788 0
15.8283 0
16.3723 0
16.3813 0
16.642 0
16.6521 0
16.6655 0
16.6802 0
16.6931 0
16.7042 0
16.7732 0
16.8236 0
16.9199 0
17.0197 0
17.1205 0
17.3784 0
17.3847 0
17.4638 0
17.5584 0
17.6576 0
17.7592 0
17.8611 0
17.9627 0
18.0632 0
18.1643 0
18.2656 0
18.3675 0
18.4657 0
18.5671 0
18.6715 0
18.7698 0
18.922 0
19.0236 0
19.0744 0
19.1724 0
19.3227 0
19.3797 0
19.4743 0
19.5765 0
19.6813 0
20.0358 0
20.0505 0
20.2901 0
20.3012 0
20.3103 0
20.3246 0
20.5888 0
20.5968 0
20.6069 0
20.6934 0
20.8912 0
20.8994 0
20.9928 0
21.0898 0
21.3447 0
21.358 0
21.4473 0
21.4943 0
21.5962 0
21.6976 0
21.7974 0
21.8981 0
22.0001 0
22.0998 0
22.2514 0
22.3505 0
22.4514 0
22.5008 0
22.6547 0
22.758 0
22.8058 0
22.9048 0
23.0066 0
23.1087 0
23.2099 0
23.3601 0
23.4132 0
23.5158 0
23.616 0
23.7142 0
23.8171 0
23.9176 0
24.0154 0
24.1168 0
24.3699 0
24.3783 0
24.4721 0
24.7262 0
24.7339 0
24.7411 0
24.8301 0
24.9252 0
25.0291 0
25.1288 0
25.2823 0
25.3319 0
25.4362 0
25.5364 0
25.6855 0
25.7862 0
25.8358 0
25.9357 0
26.0453 0
26.1478 0
26.2493 0
26.3444 0
26.451 0
26.5465 0
26.6446 0
26.8506 0
26.8583 0
26.9479 0
27.0519 0
27.2037 0
27.2512 0
27.3576 0
27.4593 0
27.5541 2
27.6535 3
28.1486 3
28.1622 3
28.1697 3
28.206 3
28.4042 3
28.4616 3
28.5043 3
28.8053 3
28.8127 3
28.8221 3
28.9595 3
29.0088 3
29.1088 3
29.2127 3
29.3132 3
29.4194 3
29.515 3
29.6168 1
29.7239 3
29.8235 3
29.9209 3
30.0238 3
30.124 3
30.2779 3
30.3244 1
30.5835 0
30.5922 0
30.6271 0
30.7261 0
30.8337 0
30.9291 0
31.0299 0
31.2345 0
31.2457 0
31.3368 0
31.4348 0
31.5363 0
31.6894 0
31.7378 0
31.8427 0
31.9406 0
32.0421 0
32.145 0
32.2426 0
32.4423 0
32.4536 0
32.5459 0
32.6547 0
32.8003 0
32.852 0
32.9505 0
33.0597 2
33.1518 0
33.2544 0
33.3585 0
33.4558 0
33.5572 2
33.9082 0
33.924 0
33.936 0
33.9654 2
34.059 0
34.2133 0
34.2652 0
34.364 0
34.4673 0
34.5661 0
34.7668 0
34.7764 0
34.8681 0
34.9729 2
35.1219 0
35.2214 0
35.2725 0
35.3733 0
35.4743 0
35.5749 0
35.7784 2
35.8791 0
35.8873 0
35.9869 2
36.0803 0
36.181 0
36.2886 0
36.3888 0
36.5367 0
36.5871 0
36.6905 0
36.8371 0
36.8848 0
37.1539 0
37.2493 0
37.3462 0
37.4514 0
37.5972 0
37.6493 0
37.7514 2
37.9551 0
37.9673 0
38.0537 0
38.1549 0
38.2575 0
38.4099 0
38.512 0
38.5629 0
38.6651 0
38.8707 0
38.8798 0
38.9673 0
39.065 0
39.1701 0
39.2728 0
39.5235 0
39.5406 0
39.6241 0
39.6776 0
39.7824 0
39.8782 2
39.9729 0
40.0762 0
40.2278 0
40.2798 2
40.4314 3
40.5769 1
40.5854 1
40.6858 0
40.7879 2
40.8847 3
40.9845 3
41.0969 1
41.2404 0
41.2968 0
41.4414 0
41.5567 0
41.5978 2
41.7 3
41.8018 3
41.8983 1
41.9997 0
42.0953 0
42.2498 0
42.3502 0
42.4012 0
42.5008 0
42.6007 0
42.7554 0
42.8505 0
42.9557 0
43.0043 0
43.1051 0
43.2068 2
43.3065 0
43.5096 2
43.5195 0
43.6136 0
43.7165 0
43.8608 0
43.9167 2
44.0134 3
44.1154 3
44.2161 3
44.3687 1
44.4294 0
44.5195 0
44.6755 0
44.7215 0
44.8223 2
44.9236 3
45.0241 1
45.1256 3
45.2271 3
45.3271 3
45.4888 3
45.5826 3
45.6294 1
45.7855 3
45.8915 1
45.9375 3
46.086 3
46.1884 3
46.3868 1
46.398 3
46.4387 1
46.5439 0
46.6957 0
46.7901 2
46.8907 0
47.0969 0
47.1487 0
47.1964 0
47.2511 0
47.3467 0
47.4479 0
47.5959 0
47.65 0
47.7565 0
47.8537 0
47.9566 0
48.0563 0
48.1541 0
48.2574 0
48.3578 0
48.5067 0
48.5629 0
48.6608 0
48.8188 0
48.8669 0
48.9638 0
49.0642 0
49.2702 0
49.3163 0
49.4235 0
49.5205 0
49.574 0
49.7203 0
49.7757 0
49.8739 0
50.0234 0
50.0792 0
50.1761 0
50.3303 0
50.5894 0
50.6032 0
50.6226 0
50.6899 0
50.8412 0
50.8887 0
50.9888 0
51.0918 0
51.2378 0
51.2931 0
51.3977 0
51.695 0
51.7118 0
51.7306 0
51.7996 0
51.9983 0
52.009 0
52.1462 0
52.1945 0
52.296 0
52.4481 0
52.4984 2
52.7062 0
52.7189 0
52.8501 0
53.0472 2
53.2471 0
53.2584 0
53.3468 0
53.5016 0
53.5542 2
53.6513 3
53.7494 1
53.8526 0
53.9538 0
54.0554 0
54.1551 0
54.257 0
54.364 0
54.4633 2
54.5605 0
54.7145 0
54.7626 0
54.8695 2
54.9723 3
55.0759 3
55.1696 3
55.2713 1
55.3724 0
55.4762 0
55.6222 0
55.6779 0
55.7752 0
55.8783 0
55.9764 0
56.078 0
56.1778 0
56.2873 0
56.434 0
56.4861 0
56.6403 0
56.734 0
56.7889 0
56.8848 0
56.9858 0
57.0873 0
57.2884 0
57.3005 0
57.3895 0
57.4947 0
57.5914 0
57.7915 0
57.9467 0
57.9625 0
57.9953 0
58.0964 0
58.1971 0
58.2972 0
58.4564 0
58.6002 2
58.6173 2
58.7084 0
58.87 2
58.9066 0
59.0099 2
59.1089 3
59.3099 1
59.3311 3
59.411 1
59.5661 0
59.7651 0
59.7837 0
59.8138 0
59.9125 0
60.0163 0
60.1167 0
60.2184 0
60.3197 0
60.5219 2
60.534 0
60.6217 0
60.7238 0
60.8224 0
60.9368 0
61.025 0
61.1306 2
61.2307 0
61.3294 0
61.4288 0
61.6345 2
61.6457 0
61.7355 2
61.9807 0
62.0808 0
62.1851 0
62.44 0
62.6883 0
62.6982 0
62.7104 0
62.7267 0
62.789 0
62.889 0
62.9912 0
63.0918 0
63.2454 0
63.3445 0
63.3939 0
63.4959 0
63.6019 0
63.6982 0
63.804 0
63.9542 0
64.0624 0
64.11 0
64.2566 0
64.3101 2
64.4071 0
64.5043 0
64.6063 0
64.7106 2
64.807 0
64.9101 2
65.0123 0
65.1115 0
65.2111 0
65.4701 2
65.4871 2
65.5276 3
65.6309 3
65.725 1
65.875 3
65.9725 1
66.0262 0
66.1314 2
66.228 3
66.3263 3
66.6888 3
66.7084 3
66.7274 3
66.7454 3
66.8368 3
66.9341 3
67.0344 3
67.1362 3
67.2368 3
67.3367 3
67.7415 3
67.7552 3
67.7764 3
67.8469 3
67.9024 3
67.9529 3
68.0437 3
68.154 3
68.2544 3
68.3455 1
68.5095 3
68.5571 1
68.703 0
68.7603 0
68.9607 0
68.9834 0
69.0615 0
69.1619 0
69.2629 0
69.4212 2
69.4587 0
69.5594 0
69.6618 0
69.7626 2
69.9198 3
70.0205 3
70.0729 3
70.1666 3
70.3231 3
70.422 3
70.4714 3
70.6749 3
70.7254 3
70.7793 3
70.9333 3
70.9806 3
71.0753 3
71.1869 3
71.3383 3
71.4369 1
71.4935 0
71.5911 0
71.6955 2
71.7891 0
71.8918 0
71.9922 0
72.1458 0
72.1955 0
72.296 0
72.4995 0
72.5163 0
72.5929 0
72.743 0
72.7921 0
72.8971 0
72.9951 0
73.098 0
73.3532 0
73.3723 0
73.401 0
73.5013 0
73.6005 0
73.7078 0
73.8062 0
73.9564 0
74.0055 0
74.1073 0
74.2087 0
74.311 0
74.4184 0
74.5154 0
74.6112 0
74.7119 0
74.8151 0
74.9673 0
75.0219 0
75.1155 0
75.2177 0
75.3195 0
75.4211 0
75.5275 0
75.6235 0
75.7751 0
75.8321 0
75.9251 0
76.0251 0
76.1288 0
76.2346 0
76.5911 0
76.6074 0
76.6286 0
76.7349 0
76.791 0
76.84 0
76.9404 0
77.1373 0
77.1927 0
77.2399 0
77.34 0
77.4421 0
77.5444 0
77.7489 0
77.7761 2
77.8514 0
77.9998 0
78.1052 0
78.1509 0
78.5918 0
78.6069 0
78.6309 0
78.7472 0
78.7943 0
78.9001 2
79.1029 0
79.1198 0
79.2655 2
79.3087 0
79.4539 0
79.5065 0
79.6055 0
79.7087 0
79.8096 0
80.0141 0
80.0325 0
80.1168 2
80.2136 0
80.3148 0
80.7934 0
80.8135 0
80.834 0
80.8514 0
80.8702 0
80.9458 0
81.046 0
81.1454 0
81.3497 0
81.5972 0
81.6144 0
81.6357 0
81.6523 0
81.7508 0
81.855 0
82.0524 0
82.0713 0
82.1553 0
82.2543 0
82.3623 0
82.4601 0
82.5581 0
82.6582 0
82.7664 0
82.8623 0
82.9673 0
83.0644 0
83.1666 0
83.2679 0
83.3706 0
83.5205 0
83.6201 0
83.6723 2
83.826 0
83.8822 2
83.9768 0
84.0757 2
84.2314 0
84.2811 0
84.3833 2
84.4865 3
84.6775 1
84.6943 1
84.8363 0
84.884 0
84.9883 2
85.0891 0
85.2423 0
85.2884 0
85.3878 0
85.5895 0
85.6068 0
85.6997 0
85.7974 0
85.9032 0
85.9975 0
86.1018 2
86.2018 0
86.302 0
86.4515 0
86.6496 0
86.669 0
86.7042 2
86.805 3
86.9097 3
87.0045 3
87.3044 3
87.4164 3
87.4558 3
87.5643 3
87.7099 3
87.8075 3
87.8679 3
87.9689 3
88.0664 1
88.2143 0
88.3203 0
88.3728 2
88.467 0
88.6678 0
88.6963 0
88.7729 0
88.8805 0
88.9837 0
89.0788 0
89.1855 0
89.3299 2
89.4322 3
89.4824 3
89.5845 3
89.686 3
89.8431 3
89.9411 3
89.988 3
90.0906 3
90.1895 3
90.2859 3
90.3903 3
90.495 1
90.5928 3
90.7424 3
90.9445 3
90.9653 3
91.0433 3
91.1027 3
91.1953 3
91.2995 3
91.4035 3
91.5022 3
91.713 3
91.7388 3
91.8055 1
91.9129 3
92.0134 1
92.1141 3
92.2076 1
92.313 0
92.4175 0
92.5727 0
92.6712 0
92.7231 0
92.8188 0
92.9645 0
93.0186 0
93.1177 0
93.217 0
93.3184 0
93.4195 0
93.5245 0
93.6782 2
93.7283 0
93.8289 2
93.934 3
94.0346 1
94.1294 0
94.2831 0
94.4308 0
94.4532 2
94.5312 0
94.6325 2
94.7823 0
94.8402 0
94.9398 0
95.0356 0
95.1428 2
95.2367 0
95.3381 0
95.4445 0
95.5498 2
95.6581 3
95.8074 1
95.8518 1
96.0012 3
96.0504 1
96.2073 3
96.2526 1
96.3595 3
96.4995 1
96.6526 3
96.682 3
96.7534 1
96.8592 0
97.0164 0
97.0586 0
97.159 0
97.2627 0
97.368 0
97.4636 0
97.5665 0
97.7192 0
97.7663 0
97.8669 0
97.9673 0
98.0709 0
98.17 0
98.3221 0
98.471 0
98.4983 0
98.5719 0
98.6735 0
98.7767 0
98.9351 0
98.9836 0
99.2315 0
99.3433 0
99.3723 0
99.4394 0
99.4906 0
99.5836 0
99.7416 0
99.787 0
99.9404 0
100.039 0
100.093 0
100.247 0
100.295 0
100.393 0
100.495 0
100.593 0
100.694 0
100.797 0
100.95 0
101.001 0
101.104 0
101.199 0
101.358 0
101.403 0
101.564 0
101.604 0
101.705 0
101.806 0
101.91 0
102.007 0
102.11 0
102.211 0
102.315 0
102.412 0
102.568 0
102.664 2
102.719 0
102.814 0
102.925 0
103.078 0
103.275 2
103.374 0
103.529 0
103.628 2
103.737 0
103.786 0
103.881 0
103.984 0
104.093 2
104.239 0
104.29 0
104.393 0
104.541 0
104.6 0
104.749 0
104.796 2
104.893 0
104.997 0
105.094 0
105.206 2
105.303 3
105.41 3
105.601 1
105.656 0
105.703 0
105.811 0
105.904 0
106.058 0
106.111 0
106.209 0
106.309 0
106.413 0
106.512 0
106.613 0
106.77 0
106.814 0
106.917 0
107.073 0
107.12 0
107.217 0
107.373 0
107.426 0
107.575 0
107.627 0
107.776 0
107.824 0
107.927 0
108.028 0
108.131 2
108.23 0
108.329 0
108.431 0
108.63 0
108.693 2
108.739 2
108.842 3
108.939 1
109.1 3
109.192 1
109.243 0
109.346 2
109.443 0
109.551 2
109.65 3
109.808 3
109.848 1
110.008 0
110.05 0
110.159 2
110.256 3
110.357 1
110.456 0
110.604 0
110.658 0
110.757 0
110.863 0
110.962 0
111.06 2
111.16 3
111.259 1
111.521 0
111.612 0
111.636 0
111.663 2
111.77 0
112.016 2
112.142 0
112.193 0
112.326 0
112.372 0
112.473 0
112.575 2
112.678 0
112.77 2
112.874 0
112.974 0
113.075 0
113.177 0
113.279 0
113.376 0
113.584 2
113.604 0
113.685 0
113.79 0
113.883 0
113.985 0
114.091 0
114.189 0
114.288 0
114.388 0
114.486 0
114.594 2
114.742 0
114.804 2
114.895 3
114.991 1
115.092 0
115.194 0
115.302 2
115.401 0
115.505 0
115.599 0
115.805 2
115.829 0
115.913 2
116.016 3
116.108 1
116.21 0
116.312 0
116.409 0
116.514 2
116.614 0
116.776 2
116.864 0
116.92 0
117.021 0
117.119 0
117.219 0
117.318 0
117.421 0
117.522 0
117.624 0
117.779 0
117.922 0
117.951 0
118.029 0
118.187 0
118.231 0
118.333 0
118.435 0
118.594 0
118.638 0
118.786 0
118.836 0
118.935 2
119.143 3
119.173 3
119.242 3
119.336 1
119.439 0
119.549 0
119.639 0
119.849 0
119.879 0
119.946 0
120.1 2
120.149 0
120.256 0
120.356 2
120.459 3
120.55 1
120.653 0
120.751 0
120.911 0
120.96 0
121.112 0
121.159 0
121.258 0
121.362 0
121.559 0
121.617 0
121.665 0
121.826 0
121.867 0
122.018 2
122.07 0
122.174 0
122.272 0
122.373 0
122.472 0
122.576 0
122.672 0
122.774 0
122.878 0
123.033 0
123.087 0
123.181 0
123.28 0
123.383 0
123.484 0
123.638 0
123.735 0
123.792 0
123.942 0
123.992 0
124.093 0
124.192 0
124.3 0
124.541 0
124.565 0
124.697 0
124.727 0
124.8 0
124.901 0
125.098 0
125.124 0
125.204 0
125.3 0
125.456 0
125.508 0
125.603 0
125.708 0
125.862 0
125.957 0
126.011 0
126.11 0
126.218 0
126.312 0
126.415 0
126.514 0
126.721 0
126.751 0
126.873 0
126.918 0
127.07 0
127.121 0
127.223 0
127.322 0
127.424 0
127.575 0
127.677 0
127.732 0
127.886 0
127.931 0
128.028 0
128.291 0
128.314 0
128.339 0
128.485 0
128.534 0
128.636 0
128.737 0
128.837 0
128.939 0
129.092 0
129.193 0
129.239 0
129.344 0
129.444 0
129.544 0
129.645 0
129.747 2
129.848 0
129.949 0
130.111 2
130.156 0
130.403 2
130.5 0
130.608 0
130.701 0
130.965 0
131.012 0
131.038 0
131.106 0
131.211 0
131.308 0
131.414 0
131.569 0
131.658 0
131.714 0
131.971 0
131.996 0
132.019 0
132.182 0
132.222 0
132.323 2
132.519 0
132.541 0
132.621 0
132.726 0
132.879 0
132.933 0
133.025 0
133.127 0
133.228 0
133.328 0
133.431 0
133.534 0
133.629 0
133.73 0
133.836 0
133.934 0
134.036 0
134.137 0
134.24 0
134.338 0
134.439 0
134.54 0
134.701 0
134.744 0
134.846 0
134.944 0
135.045 0
135.144 0
135.343 0
135.364 0
135.447 0
135.599 0
135.65 0
135.754 0
135.953 0
136.008 0
136.059 2
136.156 0
136.259 0
136.369 0
136.468 0
136.572 0
136.667 0
136.77 0
136.87 0
136.971 0
137.122 0
137.174 2
137.273 3
137.423 1
137.524 3
137.574 1
137.676 3
137.778 1
138.027 0
138.127 0
138.15 0
138.187 0
138.282 2
138.381 3
138.68 3
138.745 3
138.769 3
138.833 3
138.996 3
139.046 3
139.093 3
139.341 3
139.495 3
139.546 3
139.648 3
139.748 3
139.848 3
139.951 3
140.153 3
140.175 3
140.254 3
140.353 3
140.512 3
140.613 3
140.658 3
140.765 3
140.96 3
140.98 3
141.069 3
141.169 3
141.277 3
141.366 3
141.52 3
141.577 3
141.722 3
141.824 3
141.875 3
142.183 3
142.213 3
142.283 3
142.313 3
142.382 3
142.584 3
142.617 3
142.883 3
142.901 3
142.926 3
142.984 3
143.091 3
143.243 3
143.287 3
143.44 3
143.49 3
143.59 3
143.689 3
143.841 3
143.9 3
143.994 3
144.094 3
144.244 3
144.298 3
144.405 3
144.559 3
144.608 3
144.76 3
144.806 3
144.904 3
145.007 3
145.109 3
145.213 3
145.313 3
145.412 3
145.512 3
145.607 3
145.712 3
145.811 3
145.913 3
146.11 3
146.167 3
146.21 3
146.313 3
146.413 3
146.513 3
146.615 3
146.717 3
146.875 3
146.918 3
147.019 3
147.121 3
147.222 3
147.327 3
147.424 3
147.528 3
147.629 3
147.731 3
147.884 3
147.984 3
148.139 3
148.161 3
148.239 3
148.336 3
148.737 3
148.754 3
148.786 3
148.803 3
148.843 3
148.943 3
149.044 3
149.141 1
149.245 0
149.344 0
149.451 2
149.548 0
149.747 0
149.807 0
149.9 0
149.999 0
150.104 0
150.257 0
150.274 0
150.361 0
150.456 0
150.558 0
150.654 0
150.758 0
150.86 0
150.962 0
151.116 0
151.163 0
151.264 0
151.364 0
151.467 0
151.567 0
151.716 0
151.872 0
151.891 0
151.971 0
152.072 0
152.172 0
152.273 0
152.374 0
152.533 0
152.674 0
152.693 0
152.783 0
152.928 0
152.992 0
153.084 0
153.191 0
153.339 0
153.437 0
153.489 0
153.636 0
153.739 0
153.792 0
153.892 0
153.99 0
154.091 0
154.246 0
154.296 0
154.394 0
154.551 0
154.599 0
154.696 0
154.798 0
154.904 0
155.003 0
155.157 0
155.206 0
155.307 0
155.405 0
155.51 0
155.608 0
155.761 0
155.81 0
155.911 0
156.012 0
156.118 0
156.272 0
156.318 0
156.469 0
156.514 0
156.673 0
156.717 0
156.874 0
156.92 0
157.07 0
157.123 0
157.225 2
157.324 0
157.425 0
157.679 0
157.698 0
157.872 0
157.976 0
158.08 2
158.179 0
158.281 0
158.382 0
158.733 0
158.753 0
158.777 2
158.886 3
158.91 3
158.994 3
159.095 3
159.343 3
159.371 3
159.552 3
159.584 3
159.609 3
159.703 3
159.801 3
159.901 3
160.045 3
160.099 3
160.199 3
160.304 3
160.403 3
160.502 3
160.604 3
160.764 3
161.006 3
161.161 3
161.178 3
161.199 3
161.267 3
161.314 3
161.412 3
161.512 3
161.62 3
161.72 3
161.869 3
161.923 3
162.122 3
162.147 3
162.223 3
162.326 3
162.419 3
162.52 3
162.621 3
162.724 3
162.882 3
162.983 3
163.138 3
163.165 1
163.24 3
163.338 3
163.438 3
163.598 3
163.642 3
163.745 3
163.842 3
163.937 3
164.036 3
164.14 3
164.245 3
164.347 3
164.503 3
164.71 3
164.737 3
164.807 3
164.862 3
164.958 3
165.112 3
165.204 3
165.259 3
165.364 3
165.462 3
165.556 3
165.659 3
165.82 3
165.871 3
165.962 3
166.16 3
166.361 3
166.386 3
166.469 3
166.525 3
166.578 3
166.834 3
166.991 3
167.079 3
167.285 3
167.305 3
167.341 3
167.44 1
167.541 3
167.64 3
167.745 3
167.848 3
168.05 3
168.069 3
168.197 3
168.249 3
168.407 1
168.553 3
168.574 3
168.712 1
168.753 3
168.854 3
168.96 3
169.055 1
169.16 0
169.265 2
169.364 0
169.468 0
169.565 0
169.719 2
169.763 0
169.863 2
169.96 0
170.125 0
170.173 2
170.272 0
170.37 0
170.616 0
170.632 0
170.673 0
170.769 0
170.879 0
171.121 0
171.137 0
171.181 0
171.286 2
171.381 0
171.48 0
171.578 0
171.685 2
171.79 3
171.89 3
171.99 1
172.083 0
172.242 0
172.298 0
172.391 0
172.488 0
172.991 0
173.013 0
173.038 0
173.253 0
173.275 0
173.298 0
173.321 0
173.345 0
173.451 0
173.55 0
173.6 0
173.898 0
173.921 0
174.105 0
174.121 2
174.145 0
174.217 0
174.31 2
174.512 0
174.529 0
174.671 0
174.712 0
174.814 0
174.962 0
175.015 2
175.113 0
175.213 0
175.314 0
175.517 2
175.621 0
175.639 2
175.733 3
175.828 1
176.034 3
176.063 1
176.125 0
176.428 2
176.444 2
176.484 3
176.632 3
176.65 3
176.735 3
176.935 3
176.951 3
177.039 3
177.136 3
177.235 3
177.338 3
177.541 3
177.566 3
177.702 3
177.752 3
177.853 3
178.139 3
178.189 3
178.292 3
178.393 3
178.792 3
178.896 1
178.917 1
178.946 1
178.97 0
178.999 0
179.101 0
179.196 0
179.296 0
179.405 0
179.556 0
179.606 0
179.746 0
180.015 0
180.031 0
180.052 0
180.114 0
180.214 2
180.313 0
180.414 0
180.518 0
180.617 0
180.715 0
180.87 0
181.069 0
181.092 0
181.167 0
181.222 0
181.325 0
181.423 0
181.582 0
181.632 0
181.731 0
181.881 0
181.93 0
182.03 0
182.13 0
182.243 0
182.437 0
182.453 0
182.529 0
182.639 0
182.989 0
183.013 0
183.037 0
183.101 0
183.146 0
183.25 0
183.393 0
183.446 0
183.549 0
183.65 2
183.839 0
183.898 0
183.952 0
184.052 0
184.252 0
184.274 0
184.357 0
184.461 0
184.7 0
184.829 0
184.931 2
184.963 0
185.06 0
185.167 0
185.271 0
185.368 2
185.673 0
185.703 0
185.736 0
185.781 2
185.869 3
185.99 3
186.084 3
186.184 1
186.338 0
186.386 0
186.536 0
186.601 0
186.743 0
187.049 2
187.074 0
187.142 0
187.247 2
187.34 0
187.442 0
187.542 0
187.646 0
187.746 0
187.851 0
187.948 0
188.056 0
188.157 0
188.265 0
188.409 2
188.466 0
188.56 0
188.658 0
188.78 2
188.968 0
189.021 0
189.068 0
189.226 0
189.276 0
189.426 0
189.621 0
189.646 0
189.728 0
189.776 0
189.923 2
189.979 0
190.13 0
190.191 2
190.291 0
190.388 0
190.488 0
190.638 0
190.748 2
190.796 0
190.891 2
190.986 0
191.09 2
191.249 0
191.297 0
191.397 2
191.502 3
191.808 3
191.839 3
191.91 3
191.937 3
192.124 3
192.152 3
192.21 3
192.308 3
192.41 3
192.531 3
192.722 3
192.759 3
192.835 3
192.941 1
193.079 0
193.276 0
193.323 0
193.368 0
193.432 0
193.522 0
193.632 0
193.829 0
193.867 0
193.943 0
194.094 2
194.203 0
194.26 2
194.401 0
194.493 0
194.587 0
194.643 0
194.74 0
194.893 0
194.945 0
195.049 0
195.144 0
195.253 0
195.414 0
195.462 2
195.554 0
195.861 0
195.879 0
195.904 2
195.966 0
196.054 0
196.214 0
196.264 0
196.368 2
196.47 0
196.619 2
196.772 0
196.807 0
196.986 0
197.044 0
197.133 0
197.193 0
197.293 0
197.386 0
197.481 0
197.64 0
197.697 0
198.039 0
198.066 0
198.1 0
198.201 0
198.269 0
198.304 0
198.397 0
198.495 0
198.651 0
198.706 0
198.802 0
198.901 0
199.097 0
199.165 0
199.209 0
199.365 0
199.414 0
199.509 0
199.913 0
199.941 0
199.971 0
200.002 0
200.032 0
200.131 0
200.217 0
200.322 0
200.523 0
200.547 0
200.622 0
200.722 0
200.827 0
200.978 0
201.025 0
201.13 0
201.324 0
201.342 0
201.43 0
201.531 0
201.631 0
201.784 0
202.092 0
202.109 0
202.138 0
202.297 0
202.319 0
202.359 2
202.447 0
202.605 0
202.718 0
202.778 0
203.024 0
203.053 0
203.206 0
203.264 0
203.355 0
203.464 0
203.714 0
203.74 0
203.831 0
203.862 0
203.969 0
204.067 2
204.174 3
204.275 1
204.372 0
204.476 0
204.585 2
204.873 3
204.903 3
204.988 3
205.021 3
205.084 3
205.283 3
205.309 3
205.387 3
205.491 1
205.742 0
205.794 0
205.992 0
206.098 0
206.194 0
206.22 0
206.267 0
206.302 0
206.402 0
206.501 0
206.61 0
206.807 0
206.833 0
206.966 0
207.013 0
207.111 0
207.21 0
207.318 0
207.413 0
207.618 0
207.641 0
207.723 0
207.973 0
207.998 0
208.04 0
208.134 0
208.286 0
208.333 0
208.431 0
208.783 0
208.893 0
209.093 0
209.135 2
209.167 2
209.205 3
209.349 3
