Time LX LY LZ
7.14408 1.4462e+07 1.4462e+07 1.4462e+07
7.24778 627.938 384.734 2147.36
7.34707 1606.48 4984.72 17554.1
7.4448 1613.69 5043.83 18061.2
7.64731 1626.49 5097.08 18539.2
7.65215 1643.04 5138.56 11915.6
7.74766 1660.76 5164.93 12315.4
7.84825 1679.03 5182.83 12670
7.95097 1614.8 4996.17 12844.1
8.05079 1631.14 4994.72 12992.2
8.20563 1646.51 4991.54 13101.3
8.30915 1661.79 4990.17 13216.1
8.5555 1680.04 4996.49 13348.3
8.75874 666.808 375.205 2710.96
8.76424 770.765 376.928 3927.37
8.90815 1395.81 4570.54 12316.7
8.91646 478.118 377.111 937.4
8.92762 493.895 378.686 975.789
9.16318 536.72 379.99 1216.45
9.17063 611.782 382.662 2010.16
9.21877 610.965 378.74 1973.38
9.56524 2425.21 9120.48 17217.4
9.57258 2440.34 9112.64 17307.4
9.62784 534.474 379.873 1380.81
9.81463 2633.19 10099.7 16397.1
9.91885 2635.81 10084.5 16427.4
9.9268 2639.55 10074.5 16458.4
9.93335 2643.89 10065.5 16488.2
9.97221 670.528 387.206 2758.31
10.1761 578.063 384.311 1742.19
10.2252 2913.57 12177.9 17356.4
10.2734 2920.89 12192.7 17396.5
10.3739 2483.09 10308.9 16154.2
10.4728 598.466 385.68 1795.42
10.5794 2541.52 10773.5 16500.7
10.6772 2546.17 10787.9 16522.5
10.8295 590.685 388.705 1860.35
10.8816 514.626 388.003 1075.94
10.979 2732.42 12607.2 17014.1
11.0787 680.267 390.892 2750.63
11.1809 2912.35 15392.7 18192.2
11.2792 2922.29 15476.5 18244.5
11.38 2933.28 15566.3 18305.5
11.5343 2945.93 15660.9 18376.7
11.5841 2959.17 15760.3 18449.6
11.6823 2971.95 15854.5 18520.2
11.8842 2983.92 15944.5 18582.9
11.8917 2995.46 16028.8 18644.1
11.9877 3006.94 16111.7 18701.4
12.0864 3017.94 16191.4 18756.8
12.1894 3028.03 16263.2 18809.7
12.2875 3037.6 16330.6 18858.9
12.3893 3047.32 16399.6 18906.9
12.4914 3056.26 16462.7 18952
12.5901 3063.87 16518.6 18989.1
12.6915 3070.98 16569.5 19023.2
12.7926 3077.55 16617.3 19054.2
12.9928 3083.9 16660.9 19084.7
13.0003 3090.46 16706.5 19114.7
13.0945 3097.01 16752.7 19144.5
13.1939 3103.77 16801.4 19175.5
13.2949 3110.78 16854.1 19207.3
13.3972 3118.24 16909.2 19242
13.5506 3125.87 16970.9 19276.8
13.6014 3134.45 17035.9 19314.9
13.7559 3143.28 17105.3 19355.1
13.7998 3152.61 17178.8 19398.1
13.9012 3162.27 17255.5 19442.3
14.0027 3172.83 17338.1 19489.1
14.2042 3183.8 17425.6 19538.8
14.2124 3195.91 17522.3 19594.5
14.3096 3209.1 17627.9 19654.9
14.4064 3222.85 17738.9 19718
14.5069 3237.45 17857.6 19785.2
14.608 3252.49 17981.7 19854.8
14.7082 3268.06 18111.5 19926.4
14.8098 3284.07 18245 20002.2
14.9098 3301.35 18386.2 20081.5
15.0105 3320.06 18537.4 20169.3
15.1196 3339.91 18700.5 20261.1
15.2312 3360.7 18872.2 20360.5
15.51 3382.57 19051.9 20465.1
15.7879 3405.17 19238.1 20578.7
15.8282 3428.37 19428.1 20697.2
16.3641 3479.83 19834.2 20970.7
16.3813 3504.87 20031.4 21111
16.642 3547.19 20342.3 21356.6
16.652 3560.16 20438.5 21435.1
16.6652 3591.3 20653 21633.7
16.68 3624.82 21865.5 20871.3
16.693 3659.54 22127.8 21082.8
16.7041 3696.72 22421.2 21298.6
16.7729 3585.63 20048 20740.3
16.8235 3623.64 20380.3 20898.1
16.9197 3617.14 20180.2 21025.7
17.0196 3657.03 20538.2 21194
17.1204 3697.88 20905.5 21365.8
17.3778 3740.46 21288.7 21546.9
17.3846 3755.41 21082 21697.4
17.4638 3801.67 21504.6 21895.2
17.5583 3850.1 21947.4 22107.4
17.6575 3900.27 22439.5 22298.5
17.7592 3952.08 22923.2 22527.1
17.861 4005.07 23432 22754.9
17.9627 4058.95 23957.8 22985.6
18.0629 4114.33 24502.2 23221.9
18.1641 4170.71 25066.1 23462.9
18.2655 4229.94 25659.9 23714.9
18.3674 4291.47 26287.3 23977
18.4656 4354.14 26937.2 24244.4
18.5668 4418.17 27609.8 24517.3
18.6714 4483.88 28309 24797.2
18.7697 4552.45 29039.8 25087.7
18.922 4624.73 29824.7 25393.6
19.0235 4699.05 30645 25708.9
19.0743 4776.79 31513.4 26036.9
19.1723 4858.52 32432.4 26380
19.3224 4944.39 33422.3 26741.6
19.3797 5033.9 34470.5 27117
19.4742 4889.13 32503.2 26664
19.5762 4979.77 33564.3 27054.1
19.6813 5073.11 34674 27453.6
20.0357 4863.75 31457.3 25768.8
20.0501 768.051 390.894 2462.23
20.29 821.502 391.882 2930.97
20.3012 831.442 391.367 2972.29
20.3102 4687.18 33102.6 27678.2
20.3241 4780.99 34206.3 28140
20.5888 4879.19 35390.1 28614.9
20.5967 4884.93 35110.4 28757.6
20.6067 4992.04 36455.4 29276
20.6933 871.923 391.283 3029
20.8911 935.261 388.453 3620.61
20.8993 5471.8 42720.7 32061.1
20.9927 711.958 391.94 1654.25
21.0897 5807.36 46808 33329.9
21.3446 5822.1 47146.7 33617.9
21.358 5308.58 38761.9 30106.8
21.4472 5462.66 40664.1 30761.6
21.4942 4455.18 34427.3 29349.8
21.5962 4575.38 36236.6 30033.2
21.6974 764.008 390.777 1765.09
21.7974 790.784 390.259 1901.55
21.898 3294.12 25689.1 24345.3
21.9999 2955.12 21677.8 25093.1
22.0997 3042.21 22552.8 25828.2
22.2513 2392.71 16508.7 20053.5
22.3503 2461.38 17209.3 20462.7
22.45 2533.67 17947.4 20897.7
22.5007 2609.96 18721 21371.2
22.6545 2690.16 19517.6 21893.3
22.7579 2775.57 20329.6 22491.6
22.8058 2532.87 18374.6 21168.4
22.9046 832.998 387.498 1816.45
23.0064 2550.2 19810.6 22266.4
23.1086 1041.95 384.103 3010.71
23.2098 2627.16 19607.1 22478.9
23.3599 2720.79 20630.5 22976.1
23.4131 2822.33 21766.6 23511.6
23.5158 855.006 386.783 1741.11
23.6157 1171.76 383.271 3544.97
23.7141 3634.19 32790.7 26743.8
23.8168 3813.67 35026.2 27546.3
23.9175 3278.99 30385.5 26573.4
24.0153 3148.14 29682.3 26680.7
24.1166 2805.78 26866.9 26045.6
24.3698 2467 20125.7 24415.9
24.3782 2563.8 21561 25195
24.472 826.873 387.038 1355.78
24.7256 1260.9 377.163 3402.27
24.7338 1312.11 377.722 3612.25
24.741 865.493 387.761 1416.5
24.8298 3273.81 33580.3 30487.8
24.9251 3436.84 36905.3 31730.3
25.0291 2866.86 29630.9 26160
25.1287 2508.12 22371.8 26059.6
25.2822 1905.79 14632.3 21538.2
25.3318 1883.54 12496.1 20330.9
25.4361 1960.91 13479.4 21006.8
25.5363 962.485 381.931 1603.62
25.6855 2085.66 15144 23567.6
25.7858 2093.71 15013.5 22852.2
25.8356 2191.56 16374 23745.1
25.9355 2299.72 17907.2 24715.8
26.0452 1055.88 379.591 1754.81
26.1477 1089.28 378.834 1778.42
26.2491 2837.17 25870.7 29063.3
26.3443 3003.16 30933.8 28013.9
26.451 2866.83 26969.2 28300.8
26.5464 2675.67 22739.7 28323.7
26.6444 2474.01 21069.6 27862.6
26.8505 2598.65 23870.1 29334.4
26.8581 2737.64 27257.9 30966.6
26.9478 2892.81 31357.1 32775.8
27.0518 2366.86 19603.4 27671.6
27.2034 2352.06 13751.8 23503.4
27.2512 2436.02 12920.7 22751.9
27.3575 2409.38 12835.9 22304.6
27.4592 2140.01 4854.9 14162
27.5539 283.854 642.727 3292.44
27.6534 273.779 614.765 3189.4
28.1477 278.859 606.446 2940.58
28.1622 315.4 615.827 2429.36
28.1696 437.983 4532.28 12163.1
28.2059 256.686 778.26 6103.1
28.4039 241.106 795.729 6031.95
28.4615 237.071 719.611 5487.11
28.5041 298.449 672.907 2917.17
28.8051 258.283 699.808 3618.4
28.8126 524.425 6885.54 14139.8
28.822 501.996 6514.06 13857.5
28.9595 262.152 725.55 3407.96
29.0087 548.657 6615.72 13913.9
29.1087 563.824 6595.09 13935.2
29.2125 231.447 536.737 2216.34
29.3131 256.021 833.642 3711.65
29.4193 235.457 518.339 2044.95
29.5145 230.852 1051.76 5171.75
29.6167 1244.87 11025.4 17218.2
29.7239 188.458 516.998 3313.53
29.8233 220.46 952.012 4895.75
29.9208 217.568 906.398 4520.8
30.0237 199.098 783.811 6428.51
30.1239 190.467 715.621 5542.85
30.2778 224.242 930.445 4598.79
30.3244 2970.83 27814.1 24963.4
30.5834 2951.12 27682.5 24919.7
30.5922 2930.12 27523 24868.2
30.6271 2910.55 27343.6 24807.5
30.726 2891.74 27164.1 24749.1
30.8336 2873.32 26982.4 24685.4
30.929 2856.17 26809.3 24623.4
31.0298 2839.8 26643.8 24560.7
31.2344 2824.73 26486.1 24498.4
31.2455 2810.52 26341.4 24437.1
31.3366 2797.47 26212.6 24376.7
31.4347 2784.92 26089.2 24313.9
31.5362 2774.42 25983.8 24253.8
31.6893 2765.26 25897.1 24195.7
31.7377 2757.77 25828.3 24144.2
31.8425 2751.39 25772 24100
31.9405 2746.52 25734.1 24053.5
32.042 2743.01 25706.8 24021
32.1448 2741.02 25693.9 24000.8
32.2425 2740.13 25694.5 23987.7
32.4416 2740.36 25707.8 23985.6
32.4535 2740.98 25724.5 23988.6
32.5458 2742.75 25751 23999.4
32.6546 2746.39 25788.6 24020.2
32.8002 2390.83 21410.7 24431.3
32.852 2395.03 21437.2 24483.7
32.9504 2400.24 21472.4 24540.6
33.0596 198.88 489.549 2486.33
33.1517 2422.4 21775.9 24919.8
33.2543 2430.46 21835.4 24987.7
33.3584 2439.63 21901.6 25059.3
33.4544 2390.79 18967.3 24306.3
33.5571 197.352 791.778 5452.02
33.9081 2569.04 21295.7 25507.3
33.9238 2580.3 21248.1 25358.7
33.9359 2598.52 21338 25452.2
33.9651 207.193 664.158 3155.96
34.0589 2738.9 22309.3 26114.4
34.2132 2761.85 22415.7 26218.9
34.2649 2490.28 19964.9 25174.9
34.3633 2517.85 20044.9 25280.7
34.4671 2415.52 18721.3 24862.8
34.5659 2444.34 18805.9 24970.3
34.7668 2475.81 18895.8 25084.9
34.7763 2509.13 18993.1 25202.1
34.868 2544.9 19095.5 25322.2
34.9728 240.91 520.961 3495.09
35.1218 2360.81 18864.8 25103.2
35.2212 2405.68 18965.6 25227.3
35.2724 2453.06 19068.7 25352.6
35.3733 2502.94 19176.1 25477.6
35.4741 2556.66 19282.1 25605.1
35.5748 2581.25 17349.9 25359.9
35.7783 236.365 862.39 5491.81
35.879 2819.36 18034.3 26637
35.8873 2888.96 18107.1 26773.2
35.9868 243.244 988.374 6714.67
36.0802 3134.93 18846.9 28280.5
36.1808 3082.45 18308.8 28238.9
36.2885 3154.29 17194.7 28050.5
36.3887 3234.04 16113.9 27920.4
36.5366 2834.86 13156.2 25378.8
36.5869 2942.18 13098.4 25493.7
36.6904 2940.66 11823.9 25263.4
36.837 2939.99 11815.8 25300.4
36.8846 2939.93 11809.8 25338.5
37.1536 2940.2 11847.9 25410.4
37.2492 2944.61 11885.8 25469.1
37.3461 2949.28 11919.9 25516
37.4512 2948.23 11931.4 25530.1
37.5971 2939.28 11912.4 25510.3
37.649 2921.24 11858.9 25452
37.7512 178.443 452.028 2102
37.9551 2854.3 11658.1 25383.1
37.9672 2778.54 11404 25087.2
38.0536 2688.69 11081 24708.7
38.1544 2588.67 10703.6 24263.4
38.257 2479.82 10282.6 23758.7
38.4097 2362.99 9826.78 23197.5
38.5119 896.113 385.34 6272.79
38.5628 2116.28 8856.23 21965.6
38.6649 3450.85 384.889 7813.71
38.8706 5080.75 379.47 18904.6
38.8797 259827 15036.6 205703
38.9673 108296 10419.8 122108
39.0648 53772.8 6032.85 64001.7
39.17 27968.6 5661.78 41763.8
39.2728 30874.2 5354.31 44359.1
39.5232 1085.56 4781.48 15694
39.5404 1025.86 4495.15 15206.7
39.6236 975.043 4247.22 14777.6
39.6775 807.425 3743.18 13334.2
39.7822 778.075 3576.53 13042
39.8781 153.225 428.844 1327.03
39.9727 680.622 3745.09 12238.7
40.076 661.903 3633.87 12063.6
40.2274 646.392 3541.75 11916.3
40.2797 2370.96 282.638 19791.4
40.4313 2196.73 321.02 9759.77
40.5767 2486.66 9084.44 22044.2
40.5853 2445.28 8913.03 21807.4
40.6857 2411.91 8775.53 21616.4
40.7878 128.313 441.676 1954.72
40.8846 170.128 552.171 2033.55
40.9844 1709.91 325.275 6471.92
41.0966 3115.69 10468.1 21569.9
41.2403 3108.66 10433.9 21539.2
41.2967 3104.47 10411.5 21522.8
41.4413 3102.16 10398.1 21518.6
41.5565 3099.46 10385.9 21517.5
41.5977 221.227 221.227 63023.5
41.7 226.818 226.818 66310.2
41.8017 219.654 219.654 71421
41.8982 4217.88 4217.88 150532
41.9996 4217.25 4217.25 150718
42.0953 4213.09 4213.09 150897
42.2495 85212.3 4026.77 112361
42.3495 85381.9 4025.09 112852
42.4009 85598.1 4019.97 113400
42.5007 85784 4008.46 113868
42.6005 83377.8 3757.03 113622
42.7548 83664.3 3738.6 114141
42.8505 81401.7 3683.91 114192
42.955 82076.3 3665.89 115151
43.0043 80530.8 3636.24 115847
43.1051 81746.7 3606.03 117504
43.2067 107150 248.314 36431.2
43.3062 2850.52 2850.52 62427.9
43.5095 1030.77 320.377 5241.26
43.5194 2061.64 6316.35 18320.9
43.6134 723.897 3409.69 12575.4
43.7164 727.457 3454.61 12676.9
43.8598 508.783 2891.5 11805.2
43.9165 1121.46 323.201 5420.45
44.0134 162.241 533.503 2039.17
44.1152 165.078 551.777 2705.28
44.216 189.924 538.187 1930.8
44.3684 1849.89 7756.78 17256.9
44.4292 1793.4 7223.48 17226
44.5194 1798.33 7447.57 17473.2
44.6754 1801.19 7679.28 17724.4
44.7214 1802.83 7915.88 17978.6
44.8222 137.012 440.533 1589.13
44.9235 153.245 546.513 2476.05
45.024 1867.76 9853.59 19481.6
45.1255 150.314 502.085 2347.63
45.227 1093.25 326.402 5732.99
45.327 249.584 452.495 2200.36
45.4886 270.248 447.425 2249.53
45.5817 254.381 436.164 2157.52
45.6293 1209.25 9091.25 19218.3
45.7855 126.799 461.852 2000.37
45.8914 2057.55 13803.8 23271.5
45.9373 166.482 514.061 1942.71
46.0854 170.197 641.766 2641.06
46.1882 153.279 565.265 2314.36
46.3867 1955.92 14879.4 23103.4
46.3979 147.965 569.252 3065.57
46.4386 2000.39 15929.1 23899.7
46.5438 2005.54 15991.8 24003.8
46.6954 2012.2 16071 24111.2
46.7896 191.962 785.449 3482.64
46.8907 2369.52 18125.3 24962.9
47.0967 2373.09 18164.6 25026.3
47.1486 2376.44 18199.3 25081.7
47.1964 2379.26 18228.8 25130.2
47.2511 2381.92 18257.1 25174.3
47.3466 2384.55 18285.3 25214.5
47.4479 2387.01 18311.4 25249.9
47.5957 2389.06 18333.9 25280.1
47.6499 2391 18356 25307
47.7562 2392.56 18374.4 25329.1
47.8536 2393.87 18389.3 25346.2
47.9565 2394.96 18401.7 25360.1
48.0559 2395.76 18410.9 25370.5
48.154 2396.3 18416.8 25377
48.2573 2396.5 18420.1 25381.3
48.3577 2396.46 18421.3 25383.9
48.506 2396.28 18420.5 25384.4
48.5628 2395.84 18417.5 25383.8
48.6607 2395.14 18411.9 25381.9
48.8186 2394.2 18403.7 25379.1
48.8668 2393.04 18393.3 25375.9
48.9637 2391.37 18379.3 25371.6
49.0641 2389.16 18358.7 25365.6
49.2701 2386.36 18331.6 25356.9
49.3162 2383.43 18302.2 25349.9
49.4223 2379.97 18268.1 25342.1
49.5203 2376.09 18229.2 25333.7
49.574 2371.95 18187.2 25325.6
49.7202 2367.26 18141.3 25319
49.7756 2362.3 18092.6 25313.2
49.8738 2357.03 18041.4 25309.5
50.0232 2351.07 17984 25304.5
50.0791 2344.38 17920.2 25299.2
50.176 2337.05 17850.6 25293.7
50.3302 2328.99 17773.9 25286.7
50.5889 2320.54 17692.8 25280.7
50.6031 2311.63 17606.7 25275.4
50.6223 2302.26 17514 25267.8
50.6898 2291.95 17412.8 25258
50.8411 2281.44 17308.5 25251.6
50.8886 2270.75 17202 25245.7
50.9887 2259.53 17091.6 25240.7
51.0916 2247.8 16975.6 25235
51.2377 2235.4 16853.6 25228.1
51.293 2222.51 16727.6 25221.5
51.3976 2108.14 15744.6 24831
51.6948 2097.47 15640.1 24835.2
51.7117 2086.25 15531.4 24838.2
51.7304 2074.65 15419.1 24841.3
51.7995 2062.77 15303.3 24843.9
51.9983 2050.54 15185.3 24846.5
52.0089 2037.68 15061.7 24845.3
52.1461 2023.96 14931 24841.8
52.1945 2009.57 14794.3 24835.2
52.2959 1994.61 14651.7 24824.6
52.4477 1979.16 14505.1 24811
52.4983 240.675 1397.53 7193.75
52.7062 3004.16 18589 27723.9
52.7187 2975.53 18346.9 27675.2
52.8499 2946.26 18099.6 27622.6
53.0471 226.219 1287.4 6449.64
53.2471 3274.27 20394 29931.9
53.2583 3004.71 19145 28886.4
53.3467 2729.25 17423.3 27632.2
53.5014 2488.35 15612.7 26372.9
53.554 234.737 679.794 3566.51
53.6512 281.837 614.526 2256.24
53.7494 1812.57 10581.7 22522.5
53.8525 1733.09 9855.44 22010.6
53.9538 1693.21 9399.77 21723.8
54.0551 1679.72 9179.88 21618.9
54.1548 1678.53 9098.52 21612.1
54.2569 1674.99 9065.23 21653.1
54.3638 1672.65 9047.82 21713.8
54.4632 235.668 861.709 3540.94
54.5603 1844.82 9700.39 22271.7
54.7144 1844.44 9696.05 22343.1
54.7625 1843.27 9689.77 22414.4
54.8694 208.707 1238.23 4994.12
54.9722 219.491 999.229 3732.69
55.0758 192.933 597.472 3925.45
55.1696 197.078 895.572 6573.61
55.2712 3793.39 18383.2 31835.2
55.3723 3790.2 18352.4 31936.2
55.4759 3787.06 18322 32038
55.622 3784.18 18294 32142.5
55.6778 3780.68 18264.6 32246.1
55.7751 3776.21 18234.2 32348.7
55.8782 3771.38 18199.3 32447.4
55.9764 3767.46 18167.9 32550.8
56.0778 3763.86 18137.5 32654.6
56.1776 3761.04 18112.6 32764.1
56.2871 3758.43 18087.4 32870.5
56.4338 3756.02 18064.6 32981
56.486 3754.88 18044.8 33095.1
56.6401 3753.83 18026.3 33208.7
56.7339 3752.57 18012.4 33326.5
56.7888 3751.3 17999.3 33447.2
56.8848 3751.16 17990.9 33571.3
56.9857 3751.23 17983.6 33697.3
57.0872 3751.62 17982.4 33826.7
57.2881 3753.93 17985.5 33962.1
57.3005 3757.33 17993 34101.4
57.3893 3761.75 18006.5 34246.6
57.4946 3766.92 18027.6 34398.7
57.5913 3771.43 18050.2 34551
57.7914 3775.77 18073.3 34705.7
57.9465 3781.46 18097.4 34862.6
57.9624 3786.17 18120.3 35017.7
57.9951 3791.88 18148.2 35175.4
58.0962 3799.11 18177.9 35338.3
58.197 3807.38 18213.8 35507.3
58.2971 3816.85 18251.7 35676.9
58.4561 3827.39 18296.7 35858.8
58.6001 192.793 927.078 5137.42
58.6172 233.906 994.017 4514.02
58.7083 4737.94 23964.6 40579.4
58.8697 237.664 690.9 3081.46
58.9064 4369.23 20861.7 38238.5
59.0096 174.71 463.062 1864.09
59.1088 227.863 743.743 3318.02
59.3097 4667.4 23021.8 40458.3
59.3311 227.091 764.867 3500.57
59.4109 4912.4 24400.4 42369.9
59.5659 4942.11 24508 42654.3
59.765 4452.57 21318.9 39972.6
59.7836 4487.27 21386.6 40228.9
59.8138 4524.24 21456.8 40492.3
59.9124 4346.51 20058.8 39615.2
60.0162 4089.06 18547.4 38346.8
60.1167 3701.61 16852 36998.8
60.2181 3746.58 16854.8 37211.3
60.3196 3793.02 16856.4 37429.7
60.5217 217.369 973.373 5476.06
60.5339 4248.54 18818.7 40369.6
60.6216 4314.51 18816.2 40643.6
60.7237 4134.23 17231.3 39625.9
60.8222 4206.85 17207 39896.5
60.9367 4284.55 17183.3 40181.6
61.025 4366.16 17155.7 40472.8
61.1303 227.55 506.738 2666.96
61.2307 4187.36 16972.6 40211.5
61.3293 4280.37 16132.1 39890.3
61.4287 4312.1 16086.5 40120.8
61.6343 102.632 415.155 1132.23
61.6455 3962.17 13651.1 36795.4
61.7354 146.435 464.538 1769.38
61.9805 3405.69 12486.8 36580.8
62.0807 3401.16 12470.3 36624.1
62.1849 3403.38 12480.3 36712
62.4399 3408.33 12500.4 36791.8
62.6882 3413.13 12516.7 36852.3
62.6981 3409.9 12494.6 36853.6
62.7103 3391.91 12413 36749
62.7267 3359.69 12276 36558.3
62.7889 3314.92 12089 36278.7
62.8889 3258.79 11857.6 35935.2
62.9911 3190.23 11577.1 35504.9
63.0918 3110.12 11250.4 34997.4
63.2452 3019.41 10883.2 34424.7
63.3444 2916.78 10470.3 33741.9
63.3938 2807.55 10033.8 33023.5
63.4958 2615.76 9537.92 32164.3
63.6017 7050.72 375.612 20999.8
63.6981 298764 10072.3 239639
63.8037 290218 9689.89 221803
63.954 165718 9237.04 184846
64.0623 1893.53 6741.78 26680.8
64.1099 1789.3 6330.94 25822.4
64.2565 1665.75 5845.01 24849.2
64.3098 710.46 336.005 2837.55
64.407 1630.45 5551.21 23605.3
64.5041 1520.75 5175.56 22810.9
64.6062 1445.85 4908.15 22200.7
64.7105 792.987 311.978 2963.03
64.8068 1963.83 5872.07 24164.1
64.91 753.524 300.537 2759.04
65.0123 682.274 2811.52 2811.52
65.1114 682.536 2771.97 2771.97
65.2111 2118.99 5364.24 23596.9
65.4682 1969.8 331.405 6347.92
65.487 2529.89 289.293 14226.9
65.5275 574.26 304.784 2029.61
65.6308 173.172 620.193 2059.78
65.7249 3217.14 8205.76 28702.8
65.8749 1587.01 323.28 4615.31
65.9724 3503.61 8945.01 30054.2
66.0261 3492.5 8913.16 30003.4
66.1313 331.127 412.032 1630.22
66.2278 269.391 497.342 1794.15
66.3262 1175.96 347.471 4198.12
66.6885 5077.01 237.331 29603.8
66.7083 1250.85 391.996 4612.12
66.7273 1252.37 392.067 4617.21
66.745 224.862 224.862 28615
66.8367 1370.52 511.092 6143.85
66.934 1372.34 511.846 6152.53
67.0343 1374.31 512.657 6161.66
67.1362 1376.67 513.463 6171.37
67.2367 1379.54 514.29 6182.24
67.3366 1266.68 393.065 4665.31
67.7413 1270.8 393.074 4676.63
67.755 1274.91 392.917 4687.56
67.7764 1280.76 392.71 4702.42
67.8468 1288.38 392.327 4720.27
67.9023 4674.41 238.556 27038.2
67.9526 1322.59 412.569 5521.34
68.0435 1324.17 389.915 4799.14
68.1539 1340.5 388.727 4833.17
68.2542 67.6388 391.212 896.193
68.3452 4030.4 10922.2 33831.5
68.5093 288.046 393.82 1846.5
68.557 3907.18 9138.9 32983.4
68.703 3944.39 9332.5 33235.7
68.7602 3982.53 9546.24 33508.1
68.9605 4021.91 9781.14 33801.9
68.9834 4062.34 10036 34113.8
69.0614 4105.62 10312.9 34445.4
69.1618 4068.81 10334.4 34158.7
69.2627 4064.84 9824.31 33968.3
69.4211 93.9932 397.624 1053.36
69.4586 4168 10722.1 34764.8
69.5593 4174.44 10972 35049.2
69.6617 4218.13 11302 35451
69.7625 98.1275 405.528 1210.01
69.9195 147.843 570.503 1977.68
70.0204 99.438 421.213 1100.76
70.0728 167.688 701.405 2427.28
70.1664 336.803 2163.07 6240.26
70.323 81.0857 385.392 577.729
70.4217 522.084 2599.7 8225.18
70.4713 520.702 2654.47 8300.5
70.6748 92.8264 418.359 1085.72
70.7253 1103.52 286.073 4912.31
70.7792 227.22 455.175 1994.48
70.9331 133.301 524.696 2519.81
70.9805 592.604 3263.29 11415.7
71.0751 593.375 3291.5 11475.8
71.1868 196.009 805.054 2989.9
71.3382 182.912 830.512 3075.74
71.4364 1655.44 3056.69 17065.6
71.4934 1660.37 3065.28 17122.9
71.591 1664.17 3071.89 17172.6
71.6955 193.926 558.23 3177.37
71.7889 1743.04 3203.72 18717.6
71.8917 1743.71 3206.79 18758.9
71.9921 1744.04 3208.77 18798.6
72.1457 1744.1 3210.17 18834.4
72.1954 1743.95 3210.69 18867.6
72.2957 1743.61 3210.47 18898.7
72.4993 1743.28 3210.23 18927.1
72.5162 1742.65 3209.39 18951.8
72.5928 1741.78 3207.69 18976.3
72.7429 1740.7 3205.74 18996.4
72.792 1739.54 3203.03 19016.8
72.897 1738.34 3200.65 19031.9
72.995 1737.11 3197.72 19049
73.0978 1735.78 3194.54 19064.4
73.3531 1734.45 3191.53 19078
73.3721 1733.04 3187.94 19092.9
73.4009 1731.46 3184.87 19102.2
73.5012 1729.91 3181.37 19111.8
73.6003 1728.09 3177.43 19121.6
73.7076 1726.06 3173.3 19127.8
73.8061 1723.81 3168.66 19132.2
73.9563 1721.35 3163.57 19134.3
74.0054 1718.71 3158.1 19133.3
74.1072 1715.84 3152.03 19131.5
74.2087 1712.96 3145.98 19124.3
74.3109 1709.97 3139.44 19117.4
74.4182 1707.37 3133.05 19109.8
74.5153 1704.61 3126.82 19104
74.611 1701.59 3120.21 19096.2
74.7117 1698.43 3113.54 19085
74.815 1695.15 3106.4 19073.6
74.9672 1691.82 3099.11 19061.4
75.0218 1688.35 3091.58 19048.8
75.115 1684.76 3083.98 19031.7
75.2176 1681.08 3075.9 19014.8
75.3193 1677.16 3067.51 18996.7
75.4211 1672.98 3059.08 18971.7
75.5274 1668.5 3049.66 18945.3
75.6235 1663.15 3039.05 18918.6
75.775 1657.53 3027.55 18883.8
75.8321 1651.57 3015.01 18846
75.925 1645.34 3001.9 18806.2
76.0249 1638.79 2988.12 18762.7
76.1286 1631.82 2973.52 18714.2
76.2345 1624.63 2958.23 18662.9
76.5911 1617.42 2942.78 18607.8
76.6074 1609.69 2926.27 18551.1
76.6285 1601.73 2908.41 18489.4
76.7348 1199.29 2699.45 16785.1
76.7909 1192 2681.51 16720.1
76.8394 1184.37 2662.61 16651.4
76.9404 1176.39 2642.51 16578.3
77.1372 1096.67 2474.69 14876.1
77.1926 1088.27 2454.37 14804
77.2397 1079.83 2433.19 14728.7
77.3399 1071.44 2411.61 14651.3
77.442 1062.95 2389.83 14572.6
77.5441 1054.57 2368.09 14491.4
77.7488 1045.33 2345.73 14410.6
77.7756 209.425 1220.69 4669.96
77.8512 1167.34 3147.33 18781.2
77.9997 1156.35 3111.11 18656
78.105 1145.04 3073.85 18526.6
78.1509 1133.51 3035.99 18393.8
78.5917 1122.51 2997.89 18273.8
78.6069 1111.19 2962.53 18133
78.6305 1096.38 2917.66 17952.6
78.7471 1074.99 2856.03 17685.8
78.7942 1043.29 2762.07 17295.2
78.9 211.739 1404.17 6010.34
79.1028 971.734 2528.34 16470.8
79.1196 944.242 2434.23 16152
79.2654 248.848 799.845 4007.87
79.3086 956.299 2380.71 17208.8
79.4538 911.842 2318.12 15746.9
79.5064 910.999 2314.26 15725.7
79.6052 911.402 2315.31 15726.9
79.7085 911.276 2317.56 15719.6
79.8095 908.719 2311.8 15690.7
80.014 905.674 2302.68 15658.1
80.0325 902.27 2292.9 15619.6
80.1165 202.729 1280.83 6805.57
80.2134 938.982 2317.1 16894.6
80.3143 934.377 2304.54 16839.8
80.7932 929.869 2291.78 16784.8
80.8134 925.607 2279.1 16729.3
80.8338 921.458 2266.64 16675.4
80.8514 873.96 2209.61 15280.9
80.87 870.295 2198.39 15235.8
80.9457 867.032 2188.34 15194.2
81.0459 864.089 2179.11 15158.1
81.1452 861.43 2170.96 15124.3
81.3495 859.107 2163.89 15094.4
81.5971 857.091 2157.77 15068.1
81.6143 855.36 2152.38 15046.6
81.635 854.006 2148.09 15029.2
81.6522 852.932 2144.68 15015.3
81.7507 852.206 2142.39 15005.2
81.8548 851.812 2140.83 15000.3
82.0522 851.859 2140.69 14999.1
82.0712 852.082 2141.24 15001
82.1553 852.572 2142.64 15007.1
82.2542 853.313 2144.86 15016.5
82.3621 854.174 2147.73 15026.3
82.46 855.218 2150.93 15039.7
82.558 856.534 2154.99 15055.4
82.6581 857.909 2159.22 15072.5
82.7663 859.47 2164 15092.2
82.8621 851.292 1791.53 13859.7
82.9672 829.479 1718.27 12729.9
83.0643 831.579 1722.74 12749.7
83.1665 833.721 1727.31 12770
83.2679 835.838 1731.73 12791.1
83.37 837.907 1736.49 12811.3
83.5203 839.905 1741.07 12831.9
83.62 841.874 1745.67 12851.6
83.6723 200.404 591.552 3141.94
83.8257 861.875 3280.3 14930.1
83.882 211.953 989.366 5047
83.9766 906.636 3801.54 18415.4
84.0752 218.894 975.898 3717.66
84.2313 935.909 3864.16 19062.8
84.281 937.561 3881 19093.8
84.3831 223.468 1028.33 3884.49
84.4864 180.352 509.497 1894.96
84.6774 979.439 4318.04 20086
84.6942 981.917 4336.73 20118.2
84.8362 984.529 4353.65 20149.6
84.8839 955.112 4160.16 19407.6
84.9882 207.708 1386.05 5704.33
85.089 992.941 4405.03 20245.1
85.2422 995.818 4424.59 20279.9
85.2882 965.466 4237.19 19542.8
85.3875 968.393 4260.18 19581.9
85.5895 936.961 4025.29 18434.1
85.6068 919.196 4002.33 17866.1
85.6997 921.787 4026.01 17904.1
85.7973 828.908 3542.08 15174.8
85.903 743.641 3275 13437.5
85.9975 744.826 3282.57 13455.6
86.1017 174.996 441.491 1483.62
86.2016 731.3 1762.03 11241.1
86.3019 731.364 1766.87 11262.9
86.4512 731.448 1771.58 11284.6
86.6495 619.878 1392.23 8477.29
86.669 423.847 1156.56 7095.36
86.7042 307.429 601.134 4282.83
86.8041 149.751 1125.06 4551.91
86.9096 90.6501 402.285 1442.92
87.0044 252.214 503.227 2770.63
87.3039 252.235 503.033 2771.99
87.4163 970.621 243.663 4523.17
87.4557 310.702 590.972 4292.92
87.5641 309.598 589.894 4288.56
87.7097 153.787 481.799 1797.52
87.8074 422.516 1140.66 7075.83
87.8678 418.116 1133.04 7040.6
87.9688 3622.62 229.445 20613.4
88.0663 769.467 1650.7 11908.6
88.2143 766.803 1623.58 11765.5
88.3201 760.813 1588.43 11586.9
88.3727 5249.93 260.317 33516.3
88.4669 719.963 1785.95 12448.1
88.6676 697.347 1725.14 12156.6
88.6946 674.406 1660.56 11845.6
88.7728 689.122 1346.8 10307.4
88.8805 8276.76 370.101 18179.5
88.9836 8453.21 370.067 18844
89.0787 665.149 1847.15 13704.5
89.1854 351.036 857.979 7289.01
89.3298 340.183 828.297 7042.79
89.432 217.313 487.152 3165.47
89.4823 212.126 481.772 3083.73
89.5844 207.499 476.949 3007.13
89.6858 147.673 417.564 1892.37
89.843 4078.18 337.288 14300.6
89.9409 146.361 415.556 1815.39
89.9879 146.805 414.903 1782.83
90.0905 972.014 351.069 3260.97
90.1892 149.334 414.155 1731.58
90.2858 150.751 413.907 1711.8
90.3903 910.199 344.42 3098.14
90.4949 933.302 3092.25 3092.25
90.5927 155.262 413.523 1672.73
90.7423 160.475 628.221 2756.69
90.9444 1060.59 323.089 2897.03
90.9651 194.241 811.784 2410.51
91.0432 2267.97 324.458 9721.53
91.1026 173.26 765.219 2515.3
91.195 815.045 322.123 2581.08
91.2992 3922.01 331.107 9695.45
91.4035 720.945 361.231 2295.4
91.5021 878.4 326.36 2701.8
91.7129 879.751 340.173 2683.11
91.7386 3535.21 337.696 8140.4
91.8052 978.958 3375.8 19451.1
91.9127 228.762 228.762 66481.5
92.0133 38928.7 1327.33 64807.9
92.114 213.298 213.298 70222.6
92.2075 74419.9 1412.75 122673
92.3129 73755.6 1406.92 121841
92.4174 73235.2 1400.86 121105
92.5722 72835.9 1394.53 120427
92.6711 72510.4 1387.68 119742
92.723 72236.2 1380.15 119009
92.8186 72172.7 1372.32 118436
92.9645 72291.9 1364.97 117967
93.0185 72730.4 1358.18 117766
93.1177 37637.8 1256.7 61803.3
93.2169 37954.4 1161.3 61803.2
93.3183 38215 1102.85 62006.2
93.4194 993.181 38392.4 61604.6
93.5244 455.825 1686.83 13002.6
93.678 1272.71 334.424 4429.9
93.7282 613.299 353.876 2604.52
93.8287 660.526 333.981 2655.92
93.9338 156.26 601.689 1834.01
94.0344 980.02 3879.3 20084.8
94.1292 970.952 3981.99 20212
94.2831 958.036 3977.89 20041.3
94.4307 427.553 1494.49 11293
94.4532 72.0352 395.262 746.532
94.5311 645.609 3771.83 17206.9
94.6324 129.9 391.269 1238.53
94.7821 696.222 4246.26 18788.3
94.8401 687.26 4374.01 18931.4
94.9397 678.823 4495.98 19063.2
95.0354 671.095 4616.92 19191.9
95.1426 164.791 742.045 2226.71
95.2365 853.714 5135.9 20742
95.338 845.062 5242.57 20845.3
95.4445 837.509 5347.15 20952
95.5496 273.41 463.939 2020.5
95.6579 180.813 849.627 2685.11
95.8072 1119.9 5941.17 23134.9
95.8517 1119 6009.55 23209.6
96.001 1343.67 290.054 6866.38
96.0502 799.847 2452.36 17467.1
96.2071 139.658 410.51 1335.87
96.2525 803.37 2466.38 17520
96.3593 1401.7 260.02 6769.86
96.4994 992.646 3098.58 19785.9
96.6525 184.1 1037.47 3502.91
96.682 244.465 244.465 5589.39
96.7533 1373.17 5436.78 24831.2
96.8589 1374.71 5446.7 24855
97.0163 1376.37 5455.88 24877.9
97.0584 1377.96 5464.07 24899
97.1588 1379.53 5471.45 24918.5
97.2626 1381.18 5479.71 24939.3
97.368 1382.56 5488.52 24959.6
97.4635 1383.69 5496.79 24978.5
97.5664 1384.62 5504.43 24995.8
97.719 1385.33 5510.93 25010.2
97.7661 1385.84 5516.3 25022
97.8668 1386.19 5520.59 25032
97.9672 1386.36 5523.57 25039.1
98.0708 1386.39 5525.69 25044.7
98.1696 1386.29 5526.64 25048.1
98.3219 1385.96 5525.97 25048.1
98.4709 1385.58 5524.38 25046.3
98.4982 1385.07 5522.01 25042.9
98.5719 1384.43 5518.61 25037.5
98.6734 1383.68 5514.28 25030.5
98.7765 1382.79 5508.63 25020.8
98.9348 1381.83 5502.35 25009.9
98.9835 1380.84 5495.35 24997.8
99.2314 1379.77 5487.66 24984.3
99.3433 1378.7 5479.17 24968.6
99.3723 1377.56 5470.34 24952.8
99.4391 1376.33 5460.95 24936.3
99.4905 1375.04 5450.99 24918.6
99.5835 1373.7 5440.76 24900.2
99.7415 1372.32 5429.96 24881.4
99.7868 1370.63 5417.1 24857
99.9402 1368.74 5403.04 24831.4
100.039 1366.83 5387.86 24803.2
100.092 1364.73 5371.88 24774.1
100.247 1362.28 5353.12 24737.6
100.295 1359.76 5333.63 24701.3
100.393 1356.76 5311.48 24658.9
100.495 1353.61 5287.67 24613
100.593 1350.22 5261.94 24562.7
100.694 1346.57 5234.74 24509.4
100.796 1342.69 5205.84 24452.2
100.949 1338.59 5175.58 24392.4
101.001 1334.29 5143.25 24327.5
101.103 1329.92 5110.27 24261.4
101.199 1325.44 5076.42 24192.6
101.358 1320.64 5041.93 24122.8
101.403 1315.39 5004.69 24047.1
101.564 1309.73 4964.52 23963.8
101.604 1303.74 4922.37 23876
101.705 1297.39 4878.16 23783.1
101.806 1290.66 4831.62 23684.6
101.91 1283.62 4783.15 23580.8
102.007 1276.46 4733.3 23473.3
102.109 1269.05 4682.59 23362.5
102.211 1261.5 4630.95 23249.7
102.315 1253.61 4578.15 23133.1
102.412 1245.17 4523.18 23010.9
102.567 1236.33 4465.97 22881.5
102.664 234.829 1834.01 5525.84
102.719 1198.6 4271.09 22155.1
102.814 1189.65 4213.01 22019.3
102.925 1180.52 4154.48 21881.5
103.078 1155.21 3973.64 21344.5
103.275 224.687 1710.11 7545.79
103.374 1016.96 3544.69 19954.1
103.529 1007.35 3477.46 19819.1
103.628 237.801 1762.74 7424.69
103.737 1029.5 3348.3 19806.5
103.786 912.413 2870.46 18133.7
103.881 877.749 2676.95 17533.7
103.984 847.609 2519.21 17009.3
104.093 214.473 1728.95 6381.09
104.239 1531.52 3250.51 18999.5
104.29 1505.36 3180 18815.2
104.392 1428.31 3110.37 18344.5
104.541 1426.21 3098.51 18339
104.599 1409.4 3083.16 18325.4
104.749 804.263 2648.02 15474.9
104.795 191.702 1299.6 4398.97
104.893 794.683 2592.33 15331.6
104.996 1008.16 1008.16 2827.12
105.094 1656.1 3778.28 19328.5
105.206 215.931 1738.09 4807.55
105.303 217.818 946.721 2780.18
105.41 202.118 784.833 3425.62
105.601 2382.98 5271.1 25515.6
105.655 2380.7 5265.28 25502.6
105.703 2380.54 5266.75 25508.4
105.811 2382.3 5274.48 25526.7
105.903 2385.88 5288.71 25559.8
106.057 2391.11 5308.29 25603.3
106.111 2397.46 5332 25654.7
106.209 2405.21 5360.18 25716
106.309 2413.9 5391.68 25784.4
106.413 2423.41 5425.65 25858.6
106.512 2433.28 5460.8 25934.6
106.613 2443.24 5496.22 26010.4
106.77 2453.47 5532.41 26088.2
106.814 2463.38 5567.64 26163.7
106.917 2472.87 5601.58 26236.7
107.073 2481.89 5633.99 26306.5
107.12 2490.43 5664.93 26372.7
107.217 2498.59 5694.48 26436.6
107.373 2506.2 5722.15 26496.8
107.426 2513.3 5748.05 26553.2
107.575 2521.75 5779.47 26620.1
107.627 2527.81 5801.65 26668.2
107.775 2533.41 5822.46 26714.6
107.824 2538.58 5841.88 26759.5
107.927 2543.24 5859.7 26799.9
108.028 2547.7 5877.07 26839.2
108.131 231.258 1137.95 4238.28
108.23 2570.34 5959.47 27320.2
108.329 2574.54 5974.66 27359.1
108.431 2578.7 5989.81 27397.6
108.629 2582.91 6005.02 27437.9
108.693 234.234 734.692 3420.31
108.738 235.487 865.095 3691.72
108.842 232.564 1029.6 4132.6
108.939 3244.97 8010.02 31733.4
109.1 233.723 1039.34 4358.22
109.192 3308.38 8170.98 32127.6
109.242 3312.42 8199.42 32184.9
109.346 220.312 220.312 7386.53
109.443 4021.89 10196.1 37016.3
109.551 215.297 1838.12 7022.42
109.649 232.395 1126.91 4643.48
109.808 264.606 813.594 2879.6
109.848 4754.95 12590 42049.7
110.008 4792.63 12591.5 42180.9
110.05 4833.02 12585.6 42311.9
110.159 224.495 224.495 7666.2
110.256 227.059 599.034 2696.5
110.357 5154.22 12621.9 43444.4
110.456 4714.26 11733.8 40915.3
110.604 4755.76 11628.6 40594
110.658 4289.57 10947.7 38417.1
110.757 4189.27 10945.7 38287.9
110.862 3331.43 10311.1 35735.9
110.962 2828.24 9354.7 33991.4
111.06 224.498 224.498 8466.27
111.16 61.8119 387.3 700.071
111.258 12682.3 2700.38 41246.8
111.521 12420 2735.04 40887.4
111.612 10860.5 2223.5 37347.7
111.636 10812.1 2195.23 37077.6
111.663 340.68 437.855 1956.51
111.77 9452.66 1445.86 36076.5
112.016 205.838 205.838 14141.6
112.142 10132.9 1615.71 36986.3
112.193 10152.4 1612.3 36964.2
112.326 10149.1 1616.51 36998.9
112.372 10063.4 1565.37 36602.7
112.473 10067.4 1567.74 36647.3
112.575 199.095 675.126 2704.4
112.678 10030.7 1566.72 36615.2
112.77 4113.04 248.365 18284.4
112.874 9880.06 1602.78 36509
112.973 9683.73 1586.23 36060.8
113.075 9440.34 1565.33 35496.1
113.176 9156.95 1540.73 34841.1
113.279 8835.16 1512.46 34094
113.376 8486.29 1481.54 33288
113.584 5605.18 307.069 22911.9
113.604 7698.04 1408.39 31379.8
113.685 5408.82 1298.33 24409.2
113.79 11101.7 371.481 21938.3
113.883 89611.8 4845.56 77111.2
113.985 107548 4661.88 86751.8
114.09 134539 4564.96 100783
114.189 3710.97 999.297 19622.9
114.288 3477.57 966.403 18906.4
114.388 3268.28 910.341 17472.3
114.486 3091.43 817.087 16496.1
114.594 92.7408 411.658 1173.36
114.742 2750.66 771.728 15410
114.804 6178.87 293.775 21612.2
114.895 222.517 956.449 2466.54
114.991 2713.76 1215.39 15888.9
115.092 2609.32 1183.61 15552
115.194 2521.32 1156.47 15263.5
115.302 4630.14 305.77 17803.3
115.4 2395.39 1128.62 15173.8
115.505 869.561 358.845 2572.01
115.599 2409.11 1127.97 15328.1
115.805 285.82 412.902 1337.76
115.828 2480.9 1188.8 16418.6
115.913 1035.31 334.397 2817.24
116.016 96.0502 416.259 970.412
116.107 4386.34 2067.62 22792.6
116.21 4359.94 2057.61 22723.9
116.312 4328.66 2036.39 22343.6
116.409 4314.12 2031.22 22306.9
116.514 165.942 582.206 2287.16
116.614 4364.62 2047.15 22389.6
116.776 232.504 232.504 53699.5
116.864 4491.41 2283.27 24741.3
116.92 4188.68 1716.12 23127.1
117.021 4181.83 1715.11 23113.3
117.119 4157.63 1675.43 22555.3
117.219 4154.06 1674.97 22548.3
117.318 4151.73 1674.52 22542.4
117.421 4151.1 1674.13 22539
117.522 4152.05 1673.99 22539.8
117.624 4155.99 1673.94 22545.2
117.779 4162.36 1674.03 22554.1
117.922 4170.09 1675.54 22567.7
117.95 4140.99 1674.61 22374.8
118.029 4117.49 1589.4 21821.2
118.187 4147.21 1590.96 21871.6
118.231 4183.8 1592.59 21932.1
118.333 4229.29 1594.09 22005.2
118.435 4191.17 1487.21 21338.8
118.594 675.679 359.283 2509.45
118.638 4591.06 1887.19 21816.1
118.785 4642.2 1859.28 21834.3
118.836 4742.86 1863.9 21987.3
118.935 182.05 709.294 2246.36
119.142 106.882 391.306 1117.41
119.172 178.808 662.301 1878.34
119.242 182.46 876.774 2363.85
119.336 2804.56 5749.79 25778.6
119.439 2816.84 5934.97 26020.3
119.549 2828.42 6127.13 26257.6
119.639 2839.04 6327.81 26502.9
119.848 2850.24 6529.02 26742.3
119.879 2642.58 6511.78 26072.2
119.946 2705.29 6598.64 25673.3
120.1 161.614 593.984 1713.1
120.149 1789.21 6785.93 24115.5
120.256 1794.48 6947.85 24299.3
120.356 171.334 908.177 3148.18
120.459 290.384 496.189 1908.35
120.55 2715.1 7709.13 27446.2
120.653 2724.11 7843.2 27594.8
120.751 2739.13 7849.61 27084.8
120.911 2740.94 7962.67 27210.6
120.959 2742.56 8062.39 27318.6
121.112 2744.26 8151.3 27417.2
121.159 2745.16 8231.22 27506.1
121.258 2745.55 8300.09 27582.8
121.362 2745.67 8357.41 27646.9
121.559 2744.66 8405.47 27701.4
121.617 2743.65 8444.05 27746
121.665 411.278 382.47 2118.93
121.826 521.289 381.876 2531.3
121.867 3150.63 9144.69 30940.7
122.018 261.239 681.776 2513.99
122.07 607.394 382.629 2857.91
122.174 3760.23 9843.79 33438.3
122.272 3760.81 9852.28 33452.2
122.373 3760.19 9858 33460.2
122.472 3758.37 9859.43 33461.6
122.576 3755.72 9856.54 33456.1
122.672 3752.19 9849.7 33445
122.774 3748.46 9841.21 33431.8
122.878 3744.86 9830.62 33415.4
123.033 3740.85 9819.21 33399.3
123.087 3736.9 9806.12 33381.2
123.18 3733.28 9792.61 33362.8
123.28 3729.68 9778.44 33343.9
123.383 3726.17 9762.83 33323.4
123.484 3722.5 9746.71 33302.4
123.638 3718.91 9731.03 33282.2
123.735 3715.83 9714.4 33261.3
123.792 3712.45 9696.56 33239.1
123.942 3708.56 9677.51 33214.6
123.992 3703.87 9654.66 33184.4
124.093 3653.31 9498.15 32360.9
124.191 3646.64 9467.49 32317.5
124.299 3639.32 9433.63 32269.3
124.541 3631.09 9399.23 32218.5
124.565 3622.53 9362.84 32164.7
124.696 3613.37 9322.48 32105.2
124.727 3603.94 9282.29 32045.4
124.8 3594.8 9243.67 31987.6
124.901 3585.56 9204.31 31928.3
125.098 3575.5 9162.9 31865.8
125.124 3565.04 9119.26 31799.9
125.203 3554.27 9073.38 31730.3
125.3 3542.83 9025.67 31657.2
125.456 3530.92 8977.08 31582.1
125.508 3518.64 8926.71 31503.9
125.603 3505.62 8873.56 31421
125.708 3492.28 8819.49 31336.2
125.862 3478.63 8763.85 31248.7
125.957 3464.21 8706.03 31157.4
126.01 3448.25 8642.93 31056.5
126.11 3430.66 8573.95 30945.2
126.217 3404.69 8479.7 30481.6
126.312 3384.6 8402.14 30355.2
126.415 3363.7 8321.08 30222.2
126.513 3342.09 8237.73 30085
126.721 3319.6 8151.35 29941.9
126.751 3297.09 8065.54 29797.9
126.873 3274.56 7980.97 29655.6
126.918 3251.45 7895.13 29509.6
127.069 3227.4 7808.19 29360.3
127.121 3202.4 7718 29204.7
127.222 3161.33 7490.66 28696.3
127.322 3133.89 7392.44 28521.2
127.424 3105.82 7292.86 28342.3
127.575 3077.79 7194.42 28163.9
127.677 3049.34 7095.93 27983.9
127.732 3020.79 6998.51 27804.4
127.885 2907.32 6725.83 26936.8
127.93 2878.75 6628.57 26750.7
128.028 2847.68 6526.82 26555.9
128.29 2815.64 6420.68 26350.3
128.313 2714.79 6160.98 25277.2
128.339 2679.89 6046.91 25049.7
128.485 2469.6 5747.71 23758.6
128.534 2436.2 5634.98 23531.5
128.636 2331.15 5454.02 22705.5
128.737 2298.42 5345.3 22481.3
128.837 2266.07 5238.8 22259.9
128.939 2233.47 5134.25 22039.4
129.091 710.559 384.069 2360.06
129.193 2234.73 4979.41 22155.9
129.239 2198.8 4867.62 21910.8
129.344 799.912 799.912 2239.36
129.444 2164.72 4671.63 21977.7
129.544 2127.42 4558.49 21715.2
129.645 2090.05 4446.82 21452.6
129.747 222.486 2054.92 6344.76
129.847 2034.48 4285.03 21441.8
129.949 661.448 383.781 2144.5
130.111 229.474 566.983 1581.93
130.155 508.858 385.817 1789.7
130.403 231.504 1454.01 4531.49
130.5 3001.94 4123.7 24663.1
130.607 2899.83 3977.65 24056.1
130.701 2804.71 3798.16 23548.1
130.965 2658.52 3516.42 22340.4
131.012 2403.21 3241.81 21240.6
131.037 2227.59 2958.8 19768.3
131.106 2084.94 2709.48 18849.6
131.211 1993.05 2541.07 18213.2
131.308 1921.56 2409.4 17290.6
131.414 1832.37 2305.11 16953
131.569 1809.1 2249.01 16443.2
131.658 1799.85 2233.14 16403.7
131.714 1795.68 2225.67 16389.5
131.971 1792.95 2199.23 16114.6
131.996 1794.66 2200.52 16128.9
132.019 1798.59 2205.23 16156.4
132.182 1158.52 384.915 2692.31
132.222 1132.89 385.219 2397.24
132.323 213.938 1963.56 6440.23
132.519 1822.53 2274.31 17156.2
132.541 1825.54 2278.46 17175.5
132.621 1828.6 2282.83 17195.3
132.726 1831.5 2287.04 17212.8
132.879 1834.51 2291.8 17234.3
132.933 1837.29 2296.29 17252.5
133.025 1840.17 2301.12 17272
133.127 1842.63 2305.51 17287.7
133.227 1836.02 2281.19 16789.5
133.328 1838.7 2285.86 16807.6
133.431 1840.84 2290.35 16823.2
133.534 1842.56 2294.58 16838.2
133.629 1843.84 2298.63 16852
133.73 1844.56 2302.12 16862.9
133.836 1845.08 2305.1 16872.4
133.934 1845.27 2307.84 16879.5
134.036 1845.19 2310.68 16886.4
134.136 1844.99 2313.43 16893.5
134.239 1845.07 2315.32 16900.2
134.338 1842.57 2291.27 16498.1
134.439 1762.71 2282.59 16355
134.539 1755.13 2258.43 16074.6
134.701 1753.99 2261.17 16080.1
134.744 1752.51 2263.74 16083.2
134.845 1750.97 2266.47 16088.8
134.944 1749.57 2268.56 16091.3
135.045 1748.38 2271.95 16098.6
135.144 1746.7 2275.94 16106.3
135.343 1685.27 2238.19 15956.1
135.364 1684.18 2241.18 15962.8
135.447 1682.76 2244.92 15971.6
135.599 1680.99 2248.82 15978.3
135.65 1679.28 2253.38 15988.2
135.753 1677.4 2258.07 15996.7
135.952 1683 2221.23 15577.7
136.008 1680.95 2226.52 15589.3
136.058 894.397 298.454 2739.68
136.156 1670.56 2279.71 16043.5
136.259 1669.46 2284.36 16056.8
136.369 702.495 385.213 2732.24
136.467 696.192 374.666 2666.51
136.572 1729.05 2407.51 17843.5
136.666 1686.33 2415.79 17652.4
136.77 1685.41 2426.87 17681.4
136.87 1684.52 2439.26 17714.6
136.971 1666.17 2424.98 17188
137.122 1659.7 2398.04 16677.7
137.173 2157.58 238.878 5788.83
137.273 131.105 403.649 1037.44
137.423 2354.58 4536.48 22668.1
137.524 365.651 397.68 1711.84
137.574 4527.87 2418.17 23342.5
137.676 328.075 397.692 1600.48
137.778 1109.96 2404.27 14529.8
138.027 860.43 2356.34 12991.4
138.127 818.015 384.87 2988.33
138.15 772.239 1713.13 10387.6
138.187 718.672 1683.04 10242.9
138.282 44.6991 386.811 678.866
138.381 121.759 408.498 1210.86
138.68 710.053 1718.49 10310.4
138.745 118.706 404.414 1189.58
138.769 704.643 1748.44 10374.8
138.833 510.819 1540.14 8851.82
138.995 40.0486 385.115 689.558
139.046 31.5415 383.789 589.729
139.092 507.134 1521.07 8763.67
139.341 506.176 1514.74 8749.31
139.494 152.97 435.255 1247.39
139.546 1803.17 283.38 5576.17
139.648 683.039 1746.37 10363.3
139.748 680.776 1744.78 10366.9
139.847 677.451 1740.3 10361
139.951 526.788 1570.11 9282.08
140.153 523.667 1560.83 9251.19
140.174 519.869 1548.69 9211.52
140.254 515.221 1533.09 9159.07
140.352 510.111 1514.83 9097.59
140.512 502.988 1493.41 9023.81
140.612 494.37 1465.31 8925.1
140.658 484.744 1431.56 8805.61
140.765 474.403 1393.65 8671.2
140.96 463.624 1352.28 8520.88
140.98 452.817 1309.34 8360.07
141.069 10842.3 357.414 14966.4
141.169 420.235 1154.85 7239.65
141.277 362.703 1048.85 6848.84
141.366 267.124 894.638 5608.13
141.52 259.621 812.384 5312.83
141.577 95.2935 414.328 1094.67
141.722 252.314 768.568 5082.74
141.824 225.355 720.224 4734.22
141.875 222.759 705.299 4643.39
142.183 820.43 367.196 2255.02
142.213 239.003 702.592 4720.45
142.282 894.75 318.645 2249.48
142.312 233.481 680.073 4592.36
142.382 231.152 671.174 4541.37
142.584 124.846 452.182 1120.07
142.617 825.959 316.661 2037.77
142.882 805.607 354.678 2009.65
142.9 547.912 1003.88 6576.61
142.926 703.682 369.765 1776.62
142.984 295.654 739.744 4998.81
143.091 296.53 737.734 4989.5
143.243 138.551 391.082 782.567
143.287 297.871 735.502 4980.72
143.439 212.065 669.319 4350.11
143.49 160.17 579.181 1809.45
143.59 299.493 735.129 4985.26
143.688 11456.6 248.961 36514.2
143.841 543.672 967.907 6115.28
143.9 10022.4 248.877 39524
143.994 563.917 1043.57 7012.63
144.094 564.365 1044.17 7018.2
144.244 564.805 1045.09 7024.28
144.298 565.109 1045.84 7029.65
144.405 16844.3 246.821 56475.3
144.559 565.593 1047.41 7039.56
144.608 566.117 1048.81 7046.73
144.76 566.871 1050.26 7054.82
144.806 567.855 1051.65 7063.08
144.904 569.18 1053.21 7072.86
145.007 570.904 1055.05 7084.12
145.108 573.033 1057.32 7098.38
145.213 575.619 1059.89 7114.52
145.313 578.564 1062.64 7132.26
145.411 569.095 1049.38 6784.68
145.512 573.009 1053.11 6808.04
145.607 577.827 1058.07 6836.47
145.711 589.227 1024.44 6344.72
145.811 222.923 690.163 4520.8
145.913 220.253 676.194 4275.43
146.11 222.045 677.621 4293.01
146.166 218.598 641.408 4156.59
146.21 220.028 642.679 3940.21
146.313 222.379 644.126 3960.5
146.413 224.874 645.58 3981.84
146.513 227.678 648.01 4008.76
146.614 230.471 650.297 4035.27
146.717 233.267 652.284 4060.86
146.875 236.091 654.274 4087.87
146.918 238.918 656.268 4116.48
147.019 241.721 658.218 4144.87
147.12 244.469 660.09 4173.09
147.221 247.145 661.906 4201.04
147.327 249.724 663.621 4227.55
147.424 111.419 435.917 996.515
147.527 245.996 622.147 3435.57
147.629 248.197 623.236 3455.08
147.731 32.54 380.956 574.687
147.884 265.409 673.024 4608.13
147.984 173.881 1112.62 2989.9
148.139 276.026 721.788 4823.27
148.161 277.968 723.731 4841.92
148.239 279.732 725.64 4860.04
148.336 281.308 727.458 4876.4
148.737 282.717 729.2 4891.7
148.754 283.961 730.854 4905.46
148.784 154.499 405.977 1310.63
148.803 292.596 749.896 5222.46
148.843 293.414 751.12 5232.61
148.943 294.091 752.194 5241.16
149.044 221.737 468.424 1721.4
149.141 906.632 1192.32 7576.2
149.245 908.206 1193.17 7585.41
149.344 909.333 1193.8 7592.64
149.45 238.433 609.43 1845.64
149.548 915.656 1237.16 7851.51
149.747 916.12 1238.29 7855.34
149.807 916.494 1239.3 7858.73
149.9 916.904 1240.29 7862.05
149.999 917.335 1241.08 7864.86
150.104 917.796 1241.71 7867.15
150.257 918.162 1242.18 7869.27
150.274 918.587 1242.73 7871.61
150.361 919.014 1243.17 7873.39
150.456 919.285 1243.54 7875.16
150.558 919.558 1243.95 7876.81
150.654 919.81 1244.27 7878.01
150.758 919.948 1244.58 7879.2
150.86 920.013 1244.79 7879.77
150.962 919.962 1244.91 7880.06
151.116 919.842 1244.94 7879.8
151.163 919.679 1244.89 7879.12
151.264 919.403 1244.76 7878.28
151.364 919 1244.5 7876.76
151.466 918.506 1244.13 7874.84
151.567 917.936 1243.63 7872.37
151.716 917.246 1243.01 7869.55
151.872 916.469 1242.24 7866.16
151.89 915.581 1241.33 7862.38
151.97 914.623 1240.33 7858.1
152.072 913.445 1239.07 7852.7
152.172 912.204 1237.69 7846.89
152.273 910.92 1236.26 7841
152.374 909.651 1234.76 7834.68
152.533 908.31 1233.13 7827.87
152.674 881.112 1027.75 6662.1
152.693 879.566 1026.26 6655.3
152.783 877.876 1024.56 6647.83
152.928 875.943 1022.57 6639.21
152.992 873.847 1020.38 6629.84
153.083 871.695 1018.1 6620.06
153.191 869.415 1015.65 6609.7
153.339 867.074 1013.16 6599.17
153.436 864.659 1010.6 6588.27
153.489 861.95 1007.74 6576.01
153.636 859.041 1004.66 6562.9
153.739 855.839 1001.3 6548.48
153.792 852.417 997.6 6532.7
153.892 848.816 993.746 6516.32
153.99 844.984 989.574 6498.53
154.091 840.869 985.143 6479.6
154.246 836.584 980.541 6459.97
154.296 832.094 975.701 6439.13
154.394 827.276 970.526 6416.72
154.551 822.196 964.97 6392.61
154.599 816.958 959.379 6368.39
154.696 811.57 953.525 6342.76
154.798 805.953 947.53 6316.62
154.904 800.261 941.352 6289.62
155.003 794.364 934.965 6261.68
155.157 788.3 928.428 6232.86
155.206 782.056 921.684 6203.09
155.306 775.807 914.908 6172.85
155.405 769.302 907.986 6141.96
155.51 762.821 901.015 6110.54
155.608 756.081 893.885 6078.22
155.761 749.098 886.516 6044.41
155.81 741.818 878.744 6008.6
155.911 734.287 870.731 5971.61
156.012 726.593 862.518 5933.64
156.118 718.782 854.173 5894.52
156.272 710.647 845.743 5855.16
156.318 702.631 837.132 5814.02
156.469 694.569 828.629 5773.41
156.514 686.543 820.186 5732.8
156.673 678.608 812.013 5693.47
156.716 670.692 803.789 5652.68
156.874 662.5 795.402 5610.79
156.92 654.145 786.853 5567.77
157.07 604.024 752.356 5299.05
157.123 594.848 744.373 5256.53
157.225 175.374 809.064 2133.77
157.324 576.702 728.162 5167.51
157.424 568.338 720.255 5123.04
157.679 560.09 712.541 5079.21
157.698 550.904 704.838 5035.37
157.872 539.131 696.652 4988.46
157.976 522.184 687.682 4938.22
158.08 946.441 259.977 2797.15
158.179 530.582 692.763 5074.57
158.281 516.046 664.19 4669.71
158.382 494.772 644.682 4546.62
158.733 457.059 551.348 3849.34
158.753 437.415 538.732 3748.72
158.777 341.859 520.468 3469.89
158.886 108.933 428.141 2043.42
158.91 108.621 420.154 1799.79
158.994 106.859 418.938 1789.76
159.095 487.743 378.986 1516.62
159.342 98.664 411.76 1640.91
159.371 99.7565 411.385 1640.48
159.552 100.083 411.004 1641.02
159.584 1332.89 381.773 2793.83
159.609 106.689 422.04 2002.52
159.702 106.756 421.76 2002.47
159.801 1566.59 225.949 4573.55
159.901 183.555 445.697 2494.71
160.045 184.043 445.646 2496.62
160.099 184.501 445.644 2498.71
160.199 184.919 445.686 2500.94
160.304 185.3 445.774 2503.46
160.403 185.679 445.896 2505.99
160.502 186.046 446.044 2508.43
160.604 186.354 446.224 2510.98
160.764 186.637 446.413 2513.29
161.006 186.987 446.643 2515.78
161.161 108.624 421.869 2020.84
161.178 108.769 422.014 2022.31
161.199 108.9 422.162 2023.62
161.267 109.002 422.306 2024.69
161.313 106.288 415.959 1801.95
161.412 106.409 416.051 1802.8
161.512 104.513 410.665 1660.87
161.62 104.528 410.726 1661.26
161.719 104.547 410.789 1661.68
161.869 104.561 410.844 1661.94
161.923 104.591 410.903 1662.09
162.122 104.644 410.966 1662.25
162.147 48.7186 389.082 1117.43
162.223 48.7185 389.183 1117.45
162.325 48.7198 389.288 1117.55
162.419 48.2185 385.771 921.883
162.52 38.5579 378.25 691.961
162.621 38.549 378.353 691.976
162.723 38.5407 378.46 692.031
162.882 38.5354 378.568 692.101
162.983 38.5337 378.677 692.158
163.137 38.5372 378.789 692.201
163.165 3086.03 2379.37 22729
163.24 1814.08 238.451 4186.26
163.337 38.5586 379.087 692.496
163.438 38.5586 379.192 692.678
163.598 830.077 380.712 2740.05
163.642 783.955 289.253 2176.92
163.745 111.677 423.251 2037.23
163.842 1896.87 241.014 4622.01
163.936 192.53 449.43 2545.82
164.036 193.045 449.552 2548.01
164.14 193.521 449.652 2550.15
164.245 157.886 442.97 1110.28
164.347 181.386 421.959 1142.04
164.503 397.549 508.649 3387.24
164.71 1423.05 255.813 3562.6
164.737 404.945 526.307 4143.73
164.807 208.467 517.929 1546.77
164.861 404.311 520.673 3851.47
164.958 400.961 513.095 3410.62
165.112 401.503 514.207 3415.39
165.204 401.892 515.423 3420.42
165.259 402.298 516.777 3425.92
165.363 200.128 450.822 2584.83
165.462 117.474 422.656 2069.71
165.556 959.191 381.699 3053.9
165.659 154.941 417.242 2056.66
165.82 57.5333 399.531 1521.64
165.87 61.7208 378.206 697.835
165.962 155.406 418.519 2063.91
166.159 49.9033 396.597 1288.54
166.361 49.9343 396.759 1289.68
166.386 845.058 361.946 2625.52
166.469 49.3144 395.585 1141.36
166.525 49.2165 395.461 1137.39
166.578 224.922 605.486 1846.28
166.834 48.3072 391.76 934.856
166.991 38.2844 383.888 698.35
167.079 38.3215 383.936 700.351
167.285 38.3368 383.983 702.35
167.304 38.2425 384.01 703.23
167.341 38.0556 384.021 703.404
167.439 7609.17 3591.47 35664.8
167.541 597.8 371.561 2763.01
167.64 37.0456 383.965 701.398
167.745 36.6331 383.918 700.331
167.848 36.1469 383.855 698.768
168.05 35.669 383.78 697.095
168.068 35.1659 383.691 695.304
168.197 34.4073 383.592 693.061
168.249 33.6553 383.456 690.722
168.407 6678.79 3055.54 33304.1
168.553 12034.5 361.749 15042.9
168.574 115.662 406.174 1540.65
168.712 1285.53 3027.16 3027.16
168.753 45.087 390.403 1032.12
168.854 39.7196 389.212 885.523
168.96 29.6625 382.226 666.363
169.055 5353.29 2272.09 28840
169.16 5115.92 2176.82 27510.7
169.265 202.021 759.333 1936.27
169.364 4149.26 2078.69 23574.8
169.468 4012.28 2006.59 23083.4
169.565 3890.76 1942.37 22643.1
169.719 135.578 442.809 1136.13
169.763 3696.21 1887.14 21495.2
169.862 83.701 398.12 933.676
169.96 3460.04 1774.97 20451
170.125 2921.65 1557.85 18126.6
170.173 1404.22 344.046 4150.43
170.272 3271.03 1821.08 19602.3
170.37 3242.56 1798.82 19468.8
170.616 3219.56 1780.31 19357.6
170.631 3200.96 1765.36 19266.6
170.673 3178.16 1752.35 19021
170.769 3168.74 1743.03 18965.1
170.879 3162.31 1736.07 18923.3
171.121 3158.22 1731.13 18893.6
171.137 3155.85 1727.54 18872.6
171.181 3153.52 1724.96 18857.5
171.286 18574.6 248.147 56410.3
171.381 69297.7 2392.44 122535
171.479 69343 2389.45 122176
171.578 69518.1 2387.14 121906
171.685 21766.7 235.667 61312.4
171.79 17594.2 255.053 46410.9
171.89 17043.8 266.257 48884.2
171.99 153335 3257.1 287333
172.083 153759 3265.06 287966
172.242 154445 3277.19 289026
172.297 155405 3294.26 290223
172.391 145110 3192.06 252845
172.488 147673 3223.9 255315
172.991 150968 3262.42 258340
173.012 155220 3306.77 261781
173.037 161190 3363.32 266040
173.253 3427.74 3427.74 270762
173.275 3508.81 3508.81 276764
173.298 3614.84 3614.84 284434
173.321 3741.98 3741.98 293190
173.344 3175.04 3175.04 245842
173.451 102328 2665.93 145652
173.549 655.236 350.202 1874.77
173.6 4147.24 2118.86 22451.3
173.898 4199.38 2155.59 22627.2
173.921 4255.86 2194.93 22816.4
174.105 4315.47 2236.22 23014.5
174.121 179.14 502.578 1348.57
174.145 3958.75 1957.39 22189.5
174.217 614.677 378.177 765.685
174.31 286.108 421.307 1306.29
174.512 4231.26 2195.74 23716.9
174.529 4292.97 2235.97 23946.4
174.67 4241.66 2145.84 23251.6
174.712 4303.08 2185.8 23475.7
174.814 4365.79 2226.16 23701
174.961 4428.89 2266.27 23925.3
175.015 67.4698 379.455 811.196
175.113 4570.68 2467.45 24637.1
175.213 4633.95 2508.48 24856.5
175.314 4695.52 2547.92 25067.7
175.517 73.8726 392.766 771.956
175.621 4814.01 2630.2 25782.5
175.639 219.28 641.283 1586.92
175.733 514.496 319.481 1657.54
175.828 6460.36 4166.81 32740.7
176.034 201.353 1782.85 4039.78
176.062 7311.77 5867.06 35714.5
176.125 7365.75 5939.83 35911.1
176.428 270.471 488.935 1521.7
176.444 35.9785 379.412 665.907
176.484 35.9643 379.436 666.369
176.632 35.9568 379.466 666.74
176.65 35.942 379.501 667.08
176.735 35.9252 379.542 667.378
176.935 35.9031 379.587 667.648
176.951 35.8778 379.637 667.883
177.039 35.8593 379.69 668.074
177.136 35.831 379.745 668.2
177.235 35.8094 379.803 668.325
177.338 35.7886 379.863 668.408
177.541 35.7788 379.925 668.485
177.566 35.7735 379.987 668.562
177.702 35.7682 380.05 668.658
177.752 35.7396 380.111 668.689
177.853 35.7164 380.171 668.704
178.139 35.5588 380.226 668.851
178.189 35.029 380.264 668.767
178.292 34.2308 380.278 668.449
178.393 32.7946 380.246 667.208
178.792 31.3932 380.178 664.93
178.895 6062.39 4011.21 31957.3
178.917 5135.88 3352.62 29100.7
178.945 4942.08 3008.58 27652.4
178.97 4757.73 2878.1 27116.9
178.999 4708.98 2816.85 26859.1
179.101 4680.35 2781.43 26663.7
179.196 4664.15 2760.58 26571.2
179.296 4648 2747.89 26492.7
179.405 4627.37 2738.4 26418.6
179.556 4598.75 2722.06 26323.5
179.606 4573.67 2704.54 26231.4
179.746 4549.75 2687.38 26144.5
180.015 4528.6 2671.37 26064.1
180.031 4509.22 2656.58 25990.1
180.052 4491.93 2643.07 25923.6
180.114 4476.77 2631.21 25861.9
180.214 1501.49 247.59 4714.43
180.313 5218.55 3412.29 27678.7
180.414 5208.78 3405.04 27644.4
180.517 5201.81 3399.6 27619.6
180.617 5197.27 3396.16 27602.1
180.715 5164 3376.69 27425.8
180.87 5162.91 3376.42 27418.7
181.069 5164.16 3377.86 27421
181.092 5168.66 3382.07 27433.3
181.167 5146.04 3355.85 27259.9
181.222 5152.5 3361.9 27281.4
181.325 5159.84 3368.88 27306.6
181.423 5168.69 3376.79 27336.6
181.582 5179.09 3385.54 27370.2
181.631 5189.87 3395.15 27406.9
181.73 5200.19 3404.9 27445.7
181.881 5211.16 3415.73 27486.8
181.93 5222.86 3427.5 27531
182.03 5233.53 3438.87 27574.1
182.13 5244.13 3450.33 27617.4
182.243 5254.47 3461.86 27660.7
182.437 5265.08 3473.79 27705.3
182.453 5275.44 3485.43 27749.7
182.529 5287.11 3496.96 27794.7
182.639 5298.07 3508.49 27839.7
182.989 5308.19 3520.65 27885.9
183.013 5317.83 3533.13 27933.5
183.037 5326.71 3545.93 27980.7
183.1 5335.49 3558.79 28028.6
183.146 5343.8 3572 28076.8
183.25 5352.97 3586.03 28128.7
183.393 5363.67 3600.47 28184.4
183.445 5371.87 3614.99 28238.3
183.549 5382.88 3629.79 28294.6
183.65 2961.51 246.971 6183.75
183.838 17456.3 4161.31 45925.4
183.897 17471.9 4182.51 46098.6
183.951 17474.4 4204.56 46266.8
184.051 17474.6 4227.26 46441.1
184.252 17478.8 4250.28 46624.6
184.273 17489.5 4272.56 46816.9
184.357 17485.3 4295.83 47001.3
184.461 17474.2 4320.42 47188.6
184.7 17396.4 4063.23 46534.5
184.828 17318.7 4071.59 46603.4
184.93 76.7195 394.563 768.972
184.963 17073.9 4146.44 47042.1
185.06 16975.5 4160.12 47133
185.166 16824.7 4134.94 46786.7
185.271 16677.2 4144.09 46815.8
185.368 76.6989 389.375 758.09
185.673 16430.3 4195.97 47164.7
185.703 8476.45 4056.91 34238.1
185.736 8462.92 4067 34303.5
185.781 92.9377 388.081 881.847
185.869 41.2021 379.82 644.319
185.989 84.592 386.369 797.193
186.083 643.373 378.341 2100
186.184 8426.88 4193.8 35108.4
186.338 8346.97 4125.14 34335.6
186.385 5649.61 3462.13 28274
186.536 4883.49 2316.38 24632.5
186.601 4934.66 2299.56 24657.5
186.743 4324.51 1907.66 22864.4
187.049 63.435 382.751 785.829
187.074 4297.69 1963.95 23049.2
187.142 4299.31 1964.45 23042.3
187.247 193.868 483.11 1447.72
187.34 4532.55 2224.35 24811.8
187.442 4522.81 2220.48 24786.3
187.542 4507.43 2214.56 24744.3
187.646 4486.3 2205.86 24684.9
187.746 4458.98 2194.54 24604.9
187.851 4416.57 2179.11 24486.3
187.948 4357.93 2155.4 24317.5
188.056 4284.39 2124.64 24098.9
188.155 4196.6 2087.09 23835
188.265 4095.59 2042.94 23536.5
188.409 9996.36 311.053 22150.7
188.466 12536.5 3405.25 36902.6
188.56 11575.9 3261.17 35432.6
188.657 10668.9 3096.44 33766.8
188.78 12705.3 349.73 15103.5
188.967 202075 12060.7 160755
189.021 15092 3115.94 30662
189.067 14547.6 3025.29 29596.5
189.226 7048.03 2201.16 25631.6
189.276 6555.51 2100.76 24683.5
189.426 6116.43 2007.25 23808.2
189.621 5731.43 1921.97 23013.3
189.645 5397.19 1845.45 22301.2
189.727 4939.26 1683.45 20788.4
189.775 4691.37 1627.85 20238.9
189.923 5367.54 329.668 13274.3
189.979 6911.15 1652.23 25813.2
190.13 6717.45 1614.55 25298.8
190.19 53.7349 383.751 649.568
190.291 6676.67 1559.09 24719.7
190.388 6537.77 1538.34 24411.8
190.487 6428.67 1521.75 24172.8
190.638 6339.88 1508.22 23971
190.748 1537.16 347.738 2821.41
190.795 6536.12 2513.35 24641.7
190.891 1427.7 326.504 2630.26
190.986 6950.35 2993.94 26092.3
191.09 196.802 721.07 2004.76
191.248 6892.39 3269.53 27251.7
191.297 6880.54 3263.03 27221.1
191.397 1721.51 333.776 3045.69
191.501 24108.6 232.839 74142
191.808 24043.5 229.794 69771
191.839 23552.4 227.765 65476
191.91 76.8892 382.615 1070.63
191.937 76.9173 382.591 1070.46
192.124 216.269 216.269 91305.2
192.152 91.3661 395.101 1367.41
192.21 91.4275 395.179 1367.45
192.308 77.1288 383.126 1069.92
192.409 77.204 383.305 1069.79
192.531 32.306 377.783 757.617
192.722 32.3221 378.073 757.54
192.759 32.3579 378.413 757.648
192.835 26.6629 375.228 595.202
192.941 162100 7105.78 287998
193.079 164949 7141.85 290011
193.276 7182.56 7182.56 293160
193.322 138651 6097.21 195346
193.368 7090.94 3579.1 27980.9
193.432 7133.54 3636.64 28112.1
193.522 1155.64 367.604 2909.78
193.631 6967.07 2463.06 26984.3
193.829 7005.12 2500.26 27139.6
193.864 7051.96 2540.81 27313.6
193.942 7097.11 2583.1 27486.3
194.094 1013.51 274.83 2220.94
194.203 1139.68 368.641 2988.84
194.259 232.022 523.18 1323.45
194.401 8019.98 3011.42 30980.2
194.492 8045.68 3044.83 31006.6
194.586 8107.97 3093.85 31233.6
194.643 8171.38 3141.63 31451.1
194.74 8233.02 3186.32 31658.5
194.893 8157.64 3044.35 31602
194.945 8217.02 3081 31791.2
195.049 8272.33 3113.74 31961.8
195.144 8324.88 3143.13 32118.9
195.252 8374.07 3169.49 32264.6
195.414 8309.69 2741.3 31414.8
195.462 1775.57 321.455 4483.09
195.554 9805.6 4844.58 35263.3
195.86 9857.57 4871.04 35366
195.879 9900.98 4893.01 35450.9
195.904 677.18 302.94 2179.75
195.965 11493.1 5458.48 37442.5
196.054 11530.4 5468.89 37492.4
196.213 11560.4 5477.3 37532.6
196.264 10841.5 4940.55 34940.8
196.368 216.179 377.991 1178.33
196.47 10878.5 4968.75 35605.4
196.619 926.786 284.239 2648.29
196.772 10974.8 5716.36 37595.4
196.807 10966.1 5713.05 37585.5
196.983 10955.2 5709.26 37573.2
197.044 10944.8 5705.93 37561.6
197.133 10936.2 5701.17 37548.5
197.193 10927.5 5695.8 37534
197.292 10917.5 5690.16 37518.2
197.386 10905.2 5683.77 37499.1
197.481 10891.5 5677.03 37478.7
197.64 10876.4 5670.05 37457.1
197.697 10860.2 5662.28 37433
198.039 10843 5654.28 37406.6
198.065 10825.5 5645.57 37378
198.099 10807.2 5636.44 37347.5
198.201 10786.6 5626.39 37313.3
198.268 10765.8 5616.32 37278
198.303 10743.5 5605.37 37239.5
198.396 10719.7 5593.27 37197.6
198.495 10695.1 5580.72 37153
198.65 10670.7 5567.83 37107.9
198.705 10645.2 5554.22 37058.9
198.802 10619.4 5540.15 37008.3
198.901 10592.1 5525.58 36957.1
199.097 10564.2 5510.11 36901.5
199.165 10534 5492.93 36840.8
199.209 10499.8 5473.29 36770.2
199.365 10462.9 5451.71 36692.6
199.412 10422.7 5428.07 36607.4
199.509 10378.6 5402.5 36516.7
199.913 10330.9 5374.51 36416.7
199.941 10279.9 5344.73 36307.9
199.971 10227.7 5314.15 36196.1
200.001 10172.9 5281.87 36076.6
200.031 10112.1 5247.01 35955.4
200.131 10046 5208.04 35814.1
200.217 9976.11 5166.63 35660.6
200.322 9902.59 5123.27 35500.5
200.523 9825.58 5077.88 35332.1
200.546 9744.67 5030.45 35155.6
200.622 9659.78 4980.99 34971
200.722 9573.03 4930.14 34778.5
200.827 9485.47 4878.54 34582.2
200.978 9395.95 4825.33 34380.1
201.025 9304.38 4770.86 34172.8
201.13 9206.54 4712.62 33951.9
201.324 9103.89 4651.82 33720.7
201.342 8998.84 4589.98 33482.2
201.43 8890.78 4526.42 33236.9
201.53 8779.04 4460.58 32981.2
201.631 8665.35 4393.92 32721
201.784 8551.57 4326.85 32455.8
202.087 8435.68 4258.88 32188.9
202.108 8320.49 4190.83 31915.7
202.138 8206.04 4123.1 31643.2
202.296 8085.79 4051.89 31357.2
202.319 7961.03 3978.4 31060.7
202.359 2767.87 234.126 5739.1
202.447 9481.85 4295 34143.2
202.605 9291.27 4209.83 33754.2
202.718 1222.14 376.384 2671.67
202.778 9840.63 4674.47 36262.9
203.022 9647.67 4570.28 35808.2
203.053 9478.73 4478.76 35412.8
203.206 9303.74 4381.1 34970.1
203.264 8874.96 4178.23 34151.5
203.354 922.871 378.64 2076.96
203.464 7810.1 3540.28 31568.9
203.713 7342.22 3305.55 30423.8
203.739 5552.6 2664.97 25456
203.831 5349.37 2534.2 24792.8
203.862 4563.1 2169.13 22392.2
203.969 1116.7 378.198 2502.59
204.066 2376.6 248.459 4687.55
204.173 3685.77 223.603 6782.46
204.275 6748.38 4308.09 30536.2
204.372 6751 4317.67 30543.2
204.476 6754.67 4321.98 30551.5
204.585 1904.5 292.946 3326.24
204.872 23.0111 372.756 571.269
204.903 23.0285 372.567 571.272
204.987 23.0485 372.408 571.286
205.019 23.0692 372.28 571.292
205.084 23.0886 372.184 571.289
205.283 23.1107 372.119 571.309
205.309 23.1365 372.085 571.291
205.386 23.1597 372.08 571.342
205.491 8018.86 6023.67 35872.3
205.742 8025.05 6030.11 35911.1
205.794 8030.71 6036.16 35946.7
205.992 8034.68 6040.08 35976.2
206.098 8038.38 6043.04 36004.3
206.194 8041.86 6046.14 36030
206.219 8043.7 6047.38 36053.2
206.267 8045.69 6048.52 36073.7
206.302 8046.73 6048.52 36090.3
206.402 8046.94 6047.41 36100.9
206.501 8047.73 6046.38 36113.9
206.61 8048.79 6045.12 36125.5
206.806 8050.66 6043.98 36134.6
206.832 8053.61 6044.93 36149.8
206.965 8057.33 6046.5 36165.9
207.013 8061.24 6047.87 36181.1
207.11 8067.44 6052.04 36203.2
207.209 8073.07 6055.7 36223.3
207.317 8077.14 6057.03 36235.6
207.412 8080.55 6056.88 36243.5
207.618 7623.38 5326.97 34004
207.641 7622.6 5327.4 34007.4
207.722 7621.82 5328.02 34010.5
207.972 7445.05 5282.58 32923.2
207.998 7445.96 5284.78 32929.5
208.04 7447.43 5286.31 32936.6
208.134 7447.78 5287.9 32941.8
208.285 7448.19 5289.68 32946.8
208.332 7449.37 5290 32951
208.431 7451.57 5291.11 32956.8
208.782 1065.13 379.084 2981.65
208.892 8733.78 5932.28 37187.7
209.093 8669.25 5908.04 37052.8
209.135 2417.86 256.588 5012.82
209.167 1349.94 292.379 3116.99
209.204 2857.22 288.771 5527.92
209.348 2849.46 290.867 5528.54
