Time State
8.309 0
8.35871 0
8.50751 0
8.65596 0
8.91376 0
8.91799 0
8.92322 0
8.96094 0
9.10986 0
9.15915 0
9.26023 0
9.36874 0
9.46732 0
9.56297 0
9.66575 0
9.76729 0
9.86598 0
10.023 0
10.1238 0
10.2271 0
10.321 0
10.6308 0
10.6388 0
10.6449 0
10.775 0
10.7827 0
10.8786 0
10.9767 0
11.276 0
11.3796 0
11.3884 0
11.3954 0
11.4833 0
11.5831 0
11.7864 0
11.989 0
11.9995 0
12.0085 0
12.1416 0
12.1891 0
12.2879 0
12.4909 0
12.5379 0
12.5919 0
12.69 0
12.7934 0
12.8908 0
12.9916 0
13.0923 0
13.1938 0
13.2981 0
13.4449 0
13.4999 0
13.6002 0
13.899 0
13.9084 0
13.9196 0
14.0012 0
14.105 0
14.203 0
14.4065 0
14.4561 0
14.5078 0
14.6083 0
14.7576 0
14.8096 0
14.907 0
15.0086 0
15.1135 0
15.3201 0
15.5573 0
15.5885 0
15.6467 0
15.9428 0
16.496 0
16.5297 0
16.5502 0
16.7306 0
16.7422 0
16.7562 0
16.77 0
16.7818 0
16.7931 0
16.8618 0
16.9611 0
17.0601 0
17.2936 0
17.3447 0
17.3912 0
17.4901 0
17.5911 0
17.6909 0
17.7911 0
17.8951 0
17.9938 0
18.0956 0
18.2005 0
18.2973 0
18.4497 0
18.4964 0
18.6971 0
18.7085 0
18.799 0
18.9013 0
19.0035 0
19.1034 0
19.3048 0
19.3153 0
19.4048 0
19.5062 0
19.6049 0
19.7083 0
19.8086 0
19.9068 0
20.0079 0
20.1114 0
20.2255 0
20.5675 0
20.5797 0
20.591 0
20.8655 0
20.8797 0
20.8938 0
20.9204 0
21.1216 0
21.1297 0
21.2225 0
21.3732 0
21.4737 0
21.6224 0
21.6302 0
21.7229 0
21.8738 0
21.9298 0
22.0271 0
22.1287 0
22.2838 0
22.3315 0
22.4274 0
22.531 0
22.7314 0
22.7389 0
22.9353 0
22.9446 0
23.0319 0
23.1357 0
23.3349 0
23.3408 0
23.4351 0
23.5361 0
23.6362 0
23.7396 0
24.0418 0
24.049 0
24.0572 0
24.2485 0
24.2544 0
24.3978 0
24.4432 0
24.5446 0
24.7479 0
24.8531 0
24.903 0
24.9494 0
25.054 0
25.1528 0
25.3 0
25.3538 0
25.4548 0
25.5551 0
25.6558 0
25.7548 0
25.8565 0
26.0123 0
26.1604 0
26.1689 0
26.2613 0
26.4135 0
26.4627 0
26.5655 0
26.667 0
26.7672 0
26.8732 0
26.9694 0
27.07 0
27.1707 0
27.2721 0
27.4275 0
27.4754 0
27.5776 0
27.6811 0
27.7758 0
27.8778 0
27.9793 0
28.0781 0
28.1792 0
28.3291 0
28.3822 0
28.531 0
28.7347 0
28.7429 0
28.8404 0
28.8963 0
28.9939 0
29.1421 0
29.1945 0
29.2965 0
29.3904 0
29.5489 0
29.5968 0
29.6948 0
29.7942 0
29.8975 0
30.003 0
30.1459 0
30.1979 0
30.2996 0
30.4073 0
30.5024 0
30.6588 0
30.7065 2
30.8089 2
30.9078 2
31.0658 0
31.1141 0
31.3261 2
31.4854 0
31.5867 0
31.6906 2
31.7958 2
31.9953 0
32.0046 0
32.0966 2
32.1938 2
32.2955 2
32.4461 0
32.5014 2
32.7594 2
32.7732 0
32.8038 2
32.9533 2
33.0095 2
33.1591 2
33.3066 2
33.3206 2
33.4079 2
33.5069 2
33.6093 2
33.7091 2
33.812 3
33.9134 3
34.0108 3
34.2163 3
34.229 3
34.3196 3
34.4203 3
34.5732 3
34.6185 3
34.7185 3
35.0227 3
35.0356 3
35.0486 3
35.1226 3
35.224 3
35.3265 3
35.4259 3
35.5284 3
35.6283 3
35.9841 3
36.0022 3
36.0217 3
36.0361 3
36.1345 3
36.2863 3
36.4389 3
36.492 3
36.5875 3
36.8948 3
36.9137 3
36.9346 3
36.9499 3
37.0413 3
37.1438 3
37.3058 3
37.3487 3
37.4456 3
37.5517 3
37.6459 3
37.8468 1
37.9058 1
37.9504 1
38.0509 1
38.1567 1
38.253 1
38.522 1
38.6 3
38.7465 1
38.8508 1
38.8991 1
38.9992 1
39.1006 1
39.2553 3
39.3567 1
39.4048 1
39.6572 1
39.6772 1
39.8072 1
39.8659 1
39.9116 1
40.0079 1
40.2047 1
40.2244 3
40.3132 1
40.4156 1
40.5146 1
40.6204 1
40.7174 1
40.8723 1
40.9138 1
41.0145 1
41.1207 3
41.2196 1
41.3235 3
41.4215 3
41.5768 3
41.622 3
41.726 3
41.8307 3
41.9279 3
42.0241 3
42.1265 3
42.2332 3
42.3791 1
42.4872 1
42.6407 1
42.6624 1
42.7377 1
42.8858 1
42.9858 1
43.0398 3
43.1404 1
43.2374 1
43.4374 1
43.4562 1
43.5406 1
43.7015 1
43.8919 1
43.921 1
43.951 1
44.0528 1
44.1498 0
44.251 0
44.351 0
44.4486 2
44.5538 0
44.6557 0
44.8176 2
44.86 2
44.9602 2
45.058 0
45.2144 2
45.3576 0
45.3777 2
45.4637 0
45.5621 0
45.6608 2
45.9048 0
46.0042 2
46.1065 0
46.2044 0
46.3074 0
46.4087 0
46.5097 0
46.6098 0
46.7111 0
46.8174 0
46.9124 0
47.013 0
47.1137 0
47.2198 0
47.3204 0
47.469 0
47.5197 0
47.6205 0
47.7256 0
47.8305 0
47.9884 0
48.0329 0
48.1877 0
48.433 0
48.4524 0
48.6393 0
48.6537 0
48.6726 0
48.7352 0
48.8309 0
48.9409 0
49.0322 0
49.1399 0
49.2372 0
49.3367 0
49.437 0
49.5371 0
49.6926 0
49.7448 0
49.8475 0
49.9473 0
50.0477 0
50.144 0
50.3037 0
50.4432 0
50.4582 0
50.5468 0
50.8494 0
50.8645 0
50.9075 0
51.0508 0
51.1115 2
51.16 2
51.2537 0
51.3581 0
51.4568 0
51.8102 0
51.8348 2
51.8533 0
51.869 0
52.2161 2
52.2384 0
52.2558 0
52.3189 0
52.4244 0
52.4722 2
52.5702 2
52.6672 2
52.8291 2
53.0888 2
53.1453 2
53.2925 2
53.3444 2
53.4488 2
53.6993 3
53.72 3
53.7493 3
53.8991 3
53.9465 3
54.054 3
54.1531 3
54.3011 1
54.3509 3
54.4528 3
54.6071 3
54.6506 3
54.7565 3
54.8544 3
54.9539 3
55.0567 3
55.2148 3
55.2623 1
55.3587 1
55.5629 1
55.5754 1
55.6676 3
55.765 3
55.9162 3
55.968 1
56.0731 3
56.1729 3
56.2756 3
56.6765 3
56.7014 3
56.7265 3
56.7809 3
56.7959 3
56.8784 3
56.9833 3
57.0808 3
57.1815 3
57.283 3
57.3862 1
57.4901 1
57.5866 1
57.6934 3
57.9413 1
57.9684 1
57.9985 1
58.0917 1
58.2512 1
58.3016 1
58.3989 1
58.5519 1
58.5997 1
58.6983 1
58.7979 1
58.9462 0
58.9947 0
59.0979 0
59.2017 0
59.3013 0
59.4023 0
59.506 0
59.6037 0
59.7078 2
59.8087 0
59.9077 0
60.0074 0
60.1112 0
60.2048 0
60.4992 0
60.5494 2
60.6524 2
60.749 0
60.903 0
60.9526 0
61.0521 0
61.1563 0
61.2545 0
61.4056 0
61.4573 0
61.5568 0
61.6625 0
61.8154 0
61.8646 0
61.9618 0
62.0609 0
62.1624 0
62.4171 0
62.4378 0
62.4686 0
62.6252 0
62.6701 0
62.7737 0
62.8719 0
62.9716 0
63.0721 0
63.2256 0
63.2789 0
63.376 0
63.4776 0
63.5766 0
63.6774 0
63.8344 0
63.8857 0
64.035 0
64.0842 0
64.1826 0
64.286 0
64.3869 2
64.5855 0
64.6037 0
64.6877 0
64.7892 0
64.8886 0
64.9924 2
65.0906 0
65.2467 0
65.2989 2
65.3953 0
65.4961 0
65.6457 0
65.7528 2
65.8012 2
65.9054 0
66.0087 2
66.1042 0
66.208 2
66.3122 2
66.4068 0
66.6054 0
66.6262 2
66.7084 0
66.8112 0
66.9099 0
67.017 2
67.2203 2
67.2455 0
67.4296 0
67.5854 0
67.6849 0
67.7874 0
67.9894 0
68.0186 0
68.0906 0
68.1966 2
68.3511 2
68.5528 0
68.8026 2
68.8276 0
68.8502 2
68.8786 2
68.9049 2
68.9977 0
69.0978 0
69.1986 0
69.2982 0
69.3983 0
69.4993 0
69.6617 0
69.7493 0
69.805 0
69.9006 0
70.0014 0
70.1058 2
70.2587 0
70.3162 0
70.4074 0
70.5091 0
70.6161 0
70.7084 0
70.8132 0
70.9677 0
71.0182 2
71.1172 0
71.2181 2
71.3168 2
71.4205 0
71.5765 0
71.7269 0
71.7546 2
71.8287 2
71.9347 0
72.0278 0
72.1308 0
72.2281 0
72.3346 0
72.4303 0
72.6333 0
72.6588 0
72.9367 0
72.9613 2
72.9902 0
73.0399 0
73.1363 0
73.238 0
73.3371 0
73.6439 2
73.6637 0
73.7046 0
73.7933 0
73.9979 0
74.1466 2
74.1647 0
74.1937 0
74.251 2
74.4522 2
74.4772 2
74.5556 0
74.6566 2
74.943 0
74.9921 2
75.093 0
75.1955 0
75.3478 0
75.4441 0
75.5464 0
75.7022 0
75.7998 0
75.8241 0
75.9062 0
76.0051 0
76.1013 0
76.2031 0
76.304 0
76.456 0
76.5062 0
76.6051 0
76.7056 0
76.8064 0
76.9637 0
77.0081 0
77.1129 0
77.2102 0
77.4133 0
77.435 0
77.5161 0
77.6153 0
77.7168 0
77.8175 0
77.9818 0
78.0236 0
78.1193 0
78.2232 0
78.3272 0
78.7309 0
78.7527 0
78.7773 0
78.8253 0
78.8456 0
78.9258 0
79.032 0
79.1292 0
79.2325 0
79.3325 0
79.4302 0
79.5341 0
79.6848 0
79.7359 0
79.9332 0
79.9581 2
80.0418 2
80.1538 0
80.2477 2
80.4438 0
80.6005 0
80.7446 0
80.7739 2
80.9952 0
81.1076 0
81.1347 0
81.1601 0
81.1914 0
81.258 2
81.3527 0
81.4574 2
81.557 0
81.7606 2
82.0195 2
82.0478 0
82.0766 0
82.1088 2
82.3597 2
82.4102 0
82.5109 2
82.613 0
82.7098 0
82.9728 0
83.0009 0
83.0261 0
83.1175 0
83.2153 0
83.3191 0
83.418 0
83.5742 2
83.6195 0
83.7208 0
83.8222 0
83.9208 0
84.0247 0
84.1257 0
84.2817 2
84.3243 0
84.4232 0
84.5278 0
84.6273 0
84.7294 0
84.8316 2
84.9355 0
85.0311 0
85.1319 0
85.2897 0
85.4464 2
85.4764 0
85.5458 2
85.698 2
85.7942 2
85.8955 0
85.9447 2
86.0433 2
86.1454 2
86.2512 2
86.3515 0
86.5489 0
86.5798 0
86.6548 0
86.7568 0
86.8646 2
86.96 0
87.0558 0
87.1569 0
87.258 0
87.3618 0
87.5123 0
87.5649 0
87.7198 0
87.7657 0
87.8657 0
87.9621 0
88.0651 0
88.1638 0
88.2649 0
88.4233 0
88.4649 0
88.5655 0
88.674 2
88.8808 0
88.9177 0
88.9792 0
89.1931 0
89.2275 0
89.586 0
89.6135 2
89.6855 0
89.7366 2
89.8343 0
89.9331 0
90.0336 0
90.1352 0
90.2348 0
90.3357 0
90.5339 0
90.5699 0
90.6362 0
90.7428 0
90.8436 0
90.9407 0
91.0427 0
91.1482 0
91.2434 0
91.3457 0
91.4448 0
91.5466 0
91.6526 0
91.754 0
91.8511 0
91.9543 0
92.0508 0
92.1552 0
92.2554 0
92.3582 0
92.4588 0
92.6104 0
92.6611 0
92.7582 0
92.8576 0
93.0145 0
93.0603 0
93.1627 0
93.2599 0
93.3654 0
93.465 0
93.8673 0
93.8941 0
93.9234 0
93.9534 0
93.9814 2
94.0752 2
94.1693 0
94.274 0
94.3724 0
94.5304 0
94.6787 0
94.7097 2
94.8265 0
94.9802 2
95.1351 0
95.1608 0
95.186 0
95.2799 0
95.3825 0
95.4863 0
95.5943 2
95.6886 0
95.9465 0
96.0479 0
96.1511 0
96.2577 2
96.3544 0
96.4584 0
96.5577 2
96.6624 0
96.7572 0
96.9133 0
97.0223 0
97.0656 0
97.1599 0
97.268 2
97.3682 0
97.4644 0
97.5699 0
97.6731 0
97.7704 0
97.9231 0
98.0212 2
98.0715 0
98.1792 0
98.2725 0
98.3806 0
98.4765 0
98.5815 0
98.6764 0
98.8309 2
98.9291 0
98.977 0
99.0797 0
99.1799 2
99.278 0
99.3861 0
99.5862 0
99.6153 2
99.7903 0
99.8996 0
99.9475 0
100.015 0
100.168 2
100.236 2
100.339 0
100.424 0
100.518 2
100.669 0
100.77 0
100.91 0
101.062 0
101.09 0
101.121 0
101.211 0
101.312 0
101.424 0
101.513 0
101.615 0
101.724 0
101.823 0
101.981 0
102.022 0
102.223 0
102.246 0
102.322 0
102.477 0
102.526 0
102.631 2
102.729 0
102.884 2
103.248 2
103.285 0
103.307 0
103.402 0
103.555 0
103.605 0
103.705 0
103.909 0
103.937 0
104.069 0
104.117 0
104.218 0
104.315 0
104.416 0
104.522 0
104.619 0
104.771 0
104.828 0
104.922 0
105.023 0
105.208 0
105.26 0
105.342 0
105.445 0
105.597 0
105.642 0
105.744 0
105.847 0
105.941 0
106.045 0
106.395 0
106.422 0
106.443 0
106.467 0
106.552 0
106.699 0
106.855 0
106.88 0
107.007 0
107.054 0
107.151 0
107.258 0
107.355 0
107.457 0
107.563 0
107.661 0
107.767 0
107.871 2
107.968 0
108.066 0
108.169 0
108.272 2
108.376 2
108.476 2
108.574 0
108.671 0
108.969 0
108.993 0
109.031 0
109.276 0
109.305 0
109.337 0
109.383 0
109.475 2
109.576 0
109.679 2
109.781 2
109.893 2
109.981 0
110.081 0
110.187 2
110.29 0
110.494 0
110.532 2
110.884 0
110.906 0
111.031 0
111.067 2
111.143 2
111.245 2
111.343 0
111.448 0
111.545 0
111.644 0
111.744 2
111.848 0
111.951 0
112.05 0
112.146 0
112.252 2
112.35 0
112.45 0
112.556 0
112.659 0
112.758 0
113.007 0
113.039 0
113.066 0
113.162 0
113.264 0
113.355 0
113.464 0
113.61 0
113.762 0
113.785 0
113.862 0
113.959 0
114.221 2
114.242 0
114.269 0
114.375 0
114.481 2
114.576 2
114.67 0
114.827 0
114.885 0
114.98 2
115.074 0
115.179 0
115.275 2
115.379 0
115.475 0
115.628 0
115.682 0
115.788 0
115.889 0
116.044 0
116.089 0
116.183 0
116.282 0
116.388 0
116.494 0
116.64 0
116.689 0
116.791 0
116.894 0
117.051 2
117.259 0
117.286 0
117.309 0
117.4 0
117.555 0
117.65 0
117.711 2
117.858 0
117.904 0
118.007 0
118.12 0
118.21 2
118.442 0
118.64 0
118.656 0
118.742 0
118.842 0
118.951 0
119.058 0
119.151 0
119.253 0
119.353 0
119.453 0
119.549 0
119.748 0
119.77 0
119.906 0
119.953 0
120.053 0
120.152 0
120.258 0
120.357 0
120.763 0
120.781 0
120.804 0
120.826 0
120.866 0
121.115 0
121.133 0
121.175 0
121.272 0
121.372 0
121.474 0
121.575 0
121.682 0
121.829 0
121.934 0
121.983 0
122.083 0
122.177 0
122.278 0
122.381 0
122.537 0
122.682 0
122.885 0
122.912 0
122.941 0
122.99 0
123.093 0
123.195 2
123.295 2
123.392 0
123.494 2
123.604 0
123.696 0
123.847 0
123.905 2
124.053 2
124.205 2
124.238 0
124.301 0
124.397 0
124.5 2
124.599 0
124.804 0
124.831 0
124.906 2
125.135 0
125.243 0
125.352 2
125.505 0
125.56 0
125.952 0
125.979 0
126.005 0
126.033 0
126.254 2
126.286 0
126.314 0
126.361 0
126.469 2
126.555 0
126.66 0
126.865 0
126.892 0
126.964 0
127.162 0
127.223 2
127.266 0
127.418 0
127.469 0
127.569 0
127.672 0
127.77 0
127.864 0
127.968 0
128.068 2
128.218 0
128.275 2
128.373 0
128.478 0
128.625 0
128.673 0
128.829 2
128.874 0
128.983 2
129.078 2
129.178 0
129.281 0
129.378 0
129.482 2
129.585 0
129.689 0
129.781 0
129.934 0
129.989 0
130.086 0
130.184 0
130.286 0
130.388 0
130.487 0
130.594 0
130.695 0
130.799 0
130.897 0
131.002 2
131.157 2
131.201 2
131.304 2
131.4 2
131.503 2
131.605 2
131.755 2
131.856 2
131.97 2
132.011 3
132.28 3
132.343 3
132.446 3
132.614 3
132.702 3
132.812 3
132.858 3
133.013 3
133.36 3
133.388 3
133.415 3
133.443 3
133.471 3
133.562 3
133.662 3
133.763 3
133.869 3
133.97 3
134.068 3
134.17 3
134.27 3
134.426 3
134.474 3
134.572 3
134.724 3
134.776 3
134.877 3
134.977 3
135.132 3
135.181 3
135.28 3
135.382 3
135.482 3
135.632 3
135.681 3
135.789 3
135.939 3
136.04 3
136.094 3
136.189 3
136.293 3
136.393 3
136.492 3
136.594 3
136.702 3
136.796 3
136.899 3
137 3
137.101 3
137.201 3
137.299 3
137.401 3
137.508 3
137.608 3
137.703 3
137.807 3
137.956 3
138.013 3
138.115 3
138.211 3
138.366 3
138.41 3
138.515 3
138.616 3
138.773 3
138.817 3
138.914 3
139.201 3
139.25 3
139.359 3
139.462 3
139.66 3
139.689 3
139.76 3
139.919 3
139.969 3
140.123 3
140.169 3
140.267 3
140.369 3
140.525 3
140.565 3
140.664 3
140.773 3
140.912 3
140.969 3
141.071 3
141.169 3
141.27 3
141.373 3
141.526 3
141.577 3
141.726 3
141.778 3
141.877 3
141.974 3
142.079 3
142.177 3
142.381 3
142.582 3
142.843 3
142.861 3
142.887 3
142.905 3
143.09 3
143.118 3
143.139 3
143.191 3
143.293 3
143.392 3
143.546 3
143.596 3
143.692 3
143.794 3
144.207 3
144.23 3
144.253 3
144.274 3
144.302 3
144.401 3
144.503 3
144.665 3
144.711 3
144.805 3
144.905 3
145.059 3
145.107 3
145.208 3
145.311 3
145.406 3
145.509 3
145.664 3
145.76 3
145.819 3
145.919 3
146.019 3
146.119 3
146.224 3
146.322 3
146.427 3
146.526 3
146.626 3
146.785 3
146.828 3
146.983 3
147.034 3
147.132 3
147.23 3
147.483 3
147.583 3
147.686 3
147.843 3
147.892 3
148.034 3
148.196 3
148.22 3
148.289 3
148.589 3
148.606 3
148.631 3
148.692 3
148.896 3
148.998 3
149.015 3
149.147 3
149.198 3
149.296 3
149.4 3
149.497 3
149.602 3
149.698 3
149.8 3
149.903 3
150.002 3
150.107 3
150.202 3
150.309 3
150.406 3
150.506 3
150.608 3
150.707 3
150.811 3
151.012 3
151.032 3
151.114 3
151.214 3
151.318 3
151.418 3
151.568 3
151.622 3
151.722 3
151.821 1
151.973 1
152.022 3
152.124 3
152.227 3
152.322 3
152.428 3
152.527 3
152.685 3
152.731 3
152.886 3
152.933 3
153.035 3
153.138 3
153.238 3
153.501 3
153.521 3
153.543 3
153.639 3
153.74 3
153.847 3
153.992 3
154.048 1
154.141 1
154.243 1
154.348 1
154.45 1
154.7 3
154.802 1
154.906 1
155.017 1
155.118 1
155.215 1
155.309 1
155.419 1
155.572 3
155.62 3
155.722 3
155.821 3
155.926 3
156.026 3
156.126 3
156.231 3
156.326 3
156.43 3
156.579 3
156.63 3
156.729 3
156.831 3
156.938 3
157.033 3
157.184 3
157.236 3
157.336 3
157.435 3
157.534 1
157.734 1
157.747 1
157.831 1
157.939 1
158.035 1
158.139 3
158.236 1
158.342 3
158.441 3
158.54 3
158.647 3
158.843 3
158.862 3
158.947 3
159.047 3
159.147 3
159.251 3
159.349 3
159.45 3
159.707 3
159.724 3
159.753 3
159.857 3
159.955 3
160.06 3
160.156 3
160.26 3
160.36 3
160.458 3
160.562 3
160.661 3
160.774 3
160.867 3
160.963 3
161.164 3
161.227 3
161.277 3
161.367 3
161.474 3
161.573 3
161.884 3
161.974 3
162.074 3
162.186 3
162.278 3
162.325 3
162.426 3
162.574 3
162.729 3
162.752 3
162.833 3
162.984 3
163.036 3
163.188 3
163.237 3
163.337 3
163.436 3
163.538 3
163.642 1
163.739 1
164.04 1
164.151 1
164.176 1
164.204 1
164.25 1
164.348 1
164.449 1
164.546 1
164.646 0
164.806 0
164.852 0
165 0
165.106 0
165.155 0
165.261 0
165.411 0
165.454 0
165.554 0
165.661 0
165.755 0
165.911 0
165.964 0
166.059 0
166.159 0
166.318 0
166.364 0
166.464 0
166.566 0
166.67 0
166.864 0
166.921 0
166.974 0
167.073 0
167.174 0
167.271 2
167.372 0
167.517 2
167.57 2
167.671 2
167.777 0
167.934 2
168.03 2
168.083 2
168.183 2
168.292 2
168.383 2
168.736 2
168.757 2
168.786 2
168.941 3
168.991 3
169.084 3
169.246 3
169.339 3
169.39 3
169.491 3
169.59 3
169.69 3
169.8 3
169.894 3
169.995 3
170.193 3
170.221 3
170.297 3
170.399 3
170.504 3
170.649 3
170.745 3
170.797 3
170.954 3
171.098 3
171.114 1
171.195 1
171.303 3
171.397 1
171.5 1
171.605 1
171.707 3
171.807 1
171.91 3
172.011 3
172.163 1
172.214 1
172.314 1
172.413 1
172.514 1
172.617 1
172.723 3
172.871 3
173.021 3
173.055 3
173.223 3
173.245 3
173.373 3
173.422 3
173.524 3
173.63 3
173.727 3
173.828 3
173.928 3
174.081 3
174.131 3
174.231 1
174.332 1
174.427 1
174.533 3
174.736 3
174.792 3
174.886 3
174.936 3
175.191 3
175.21 3
175.239 3
175.347 3
175.443 3
175.696 3
175.796 3
175.948 3
176.002 3
176.155 3
176.204 3
176.313 3
176.402 3
176.506 3
176.605 3
176.71 3
176.806 3
176.961 3
177.062 3
177.163 3
177.215 3
177.312 3
177.413 3
177.519 3
177.616 3
177.72 3
177.815 3
177.921 3
178.018 3
178.121 3
178.379 3
178.395 3
178.427 3
178.522 3
178.624 3
178.776 3
178.877 3
178.976 3
179.029 3
179.232 3
179.247 3
179.332 3
179.431 3
179.532 3
179.632 3
179.984 3
180.087 3
180.104 3
180.127 3
180.187 3
180.242 3
180.339 3
180.442 3
180.541 3
180.642 3
180.743 3
180.893 3
180.946 1
181.049 3
181.151 3
181.306 3
181.349 3
181.445 3
181.55 3
181.712 3
181.758 3
181.997 3
182.096 3
182.197 3
182.301 3
182.397 3
182.499 3
182.607 3
182.762 3
182.804 3
182.902 3
183.006 3
183.111 3
183.206 3
183.311 3
183.411 3
183.514 3
183.612 3
183.72 3
183.869 3
183.979 3
184.025 3
184.127 3
184.226 3
184.322 3
184.426 1
184.525 3
184.625 1
184.724 1
184.826 1
184.925 1
185.025 3
185.127 1
185.286 3
185.333 3
185.427 1
185.528 1
185.634 1
185.732 3
185.833 3
185.941 3
186.037 3
186.29 3
186.311 3
186.341 3
186.442 3
186.537 3
186.641 3
186.744 3
186.842 3
187.047 3
187.063 3
187.245 3
187.261 3
187.346 1
187.447 1
187.552 1
187.648 1
187.748 1
187.853 1
187.955 1
188.058 1
188.221 1
188.26 1
188.365 3
188.462 1
188.563 3
188.662 1
189.058 3
189.074 3
189.363 3
189.382 3
189.404 3
189.422 3
189.514 3
189.613 3
189.72 3
189.814 3
189.918 3
190.019 3
190.123 3
190.231 3
190.326 3
190.428 3
190.527 3
190.628 3
190.73 3
190.829 3
190.986 3
191.086 3
191.195 3
191.241 3
191.336 3
191.44 3
191.697 3
191.725 3
191.899 3
191.926 3
191.999 3
192.1 3
192.15 3
192.245 3
192.348 3
192.447 3
192.552 3
192.651 3
192.796 3
192.896 3
192.956 3
193.054 3
193.314 3
193.342 3
193.512 3
193.54 3
193.566 3
193.659 3
193.761 3
193.864 3
194.217 3
194.242 3
194.265 3
194.294 3
194.418 3
194.469 3
194.562 3
194.664 3
194.873 3
194.895 3
195.022 3
195.179 3
195.203 3
195.27 3
195.522 3
195.724 3
195.761 3
195.85 3
195.961 3
196.054 3
196.201 3
196.251 3
196.348 3
196.456 3
196.548 3
196.65 3
196.903 3
196.928 3
197.001 3
197.105 3
197.154 3
197.256 3
197.354 3
197.455 3
197.758 3
197.775 3
197.909 3
197.927 3
198.169 3
198.187 1
198.21 1
198.263 1
198.364 1
198.462 1
198.569 3
198.664 1
198.769 3
198.868 3
198.977 3
199.074 3
199.174 3
199.273 3
199.374 3
199.478 3
199.578 3
199.676 3
199.777 3
199.936 3
200.131 3
200.151 3
200.184 3
200.282 3
200.387 3
200.482 3
200.584 3
200.687 3
200.791 3
200.938 3
201.041 3
201.094 3
201.245 3
201.295 3
201.395 3
201.595 3
201.614 3
201.749 3
201.8 3
202.047 3
202.102 3
202.125 3
202.262 3
202.315 3
202.41 3
202.506 3
202.76 3
202.922 3
203.063 3
203.082 3
203.27 3
203.29 3
203.372 3
203.471 3
203.627 3
203.673 3
203.771 3
203.873 3
204.028 3
204.079 3
204.425 3
204.442 3
204.465 3
204.486 3
204.586 3
204.679 3
204.782 3
204.983 3
205.002 3
205.138 3
205.186 3
205.287 3
205.385 3
205.489 3
205.592 3
205.689 3
205.787 3
205.953 3
206.041 3
206.096 3
206.247 3
206.3 3
206.395 3
206.495 3
206.596 3
206.697 3
206.855 3
206.904 3
207 3
207.198 3
207.263 3
207.304 3
207.404 3
207.503 3
207.605 3
207.707 3
207.86 3
207.912 3
208.163 3
208.19 3
208.269 3
208.315 3
208.415 3
208.515 3
208.622 3
208.717 3
208.821 3
208.923 3
209.02 3
209.125 3
209.525 3
209.545 3
209.574 3
209.598 3
209.629 3
209.789 3
209.826 3
209.986 3
210.039 3
210.133 3
210.385 3
210.495 3
210.596 3
210.702 3
210.8 3
210.907 3
210.996 3
211.098 3
211.249 3
211.302 3
211.45 3
211.501 3
211.606 3
211.704 3
211.808 3
211.904 1
212.004 1
212.108 1
212.357 1
212.378 1
212.412 1
212.512 1
212.609 1
212.709 1
212.864 1
212.915 0
213.012 0
213.166 0
213.221 0
213.316 0
213.417 0
213.581 2
213.618 0
213.722 0
213.821 0
213.981 0
214.025 0
214.126 2
214.284 2
214.329 0
214.437 0
214.533 2
214.63 2
214.734 2
214.831 2
214.938 0
215.037 2
215.134 2
215.291 2
215.344 2
215.44 0
215.537 0
215.639 0
215.797 0
215.897 0
215.995 0
216.245 2
216.265 2
216.299 2
216.354 0
216.446 0
216.554 0
216.649 0
216.85 0
216.867 0
217.057 0
217.105 0
217.161 0
217.254 0
217.355 0
217.457 0
217.561 0
217.657 0
217.807 0
217.857 0
218.008 0
218.062 0
218.21 0
218.267 0
218.419 0
218.465 0
218.615 0
218.669 0
218.77 0
218.87 0
219.023 0
219.07 0
219.171 0
219.27 0
219.377 0
219.474 0
219.574 0
219.674 0
219.775 0
219.877 0
219.978 0
220.132 0
220.24 0
220.285 0
220.386 0
220.53 0
220.589 0
220.689 0
220.833 0
220.939 0
221.043 0
221.093 0
221.242 2
221.295 0
221.395 0
221.542 0
221.597 0
221.845 0
221.862 0
221.9 0
222.049 0
222.098 0
222.197 0
222.298 0
222.4 0
222.502 0
222.602 0
222.701 0
222.853 2
222.957 0
223.063 0
223.115 0
223.212 0
223.309 0
223.548 0
223.653 0
223.753 0
223.911 0
223.956 0
224.161 0
224.179 0
224.264 0
224.362 0
224.466 2
224.564 0
224.764 0
224.782 0
224.871 0
225.023 0
225.069 0
225.17 0
225.273 0
225.374 0
225.473 0
225.576 0
225.679 0
225.829 0
225.877 0
225.981 0
226.181 0
226.198 0
226.29 0
226.387 0
226.489 0
226.638 0
226.697 0
226.784 0
226.887 0
226.985 0
227.088 0
227.193 0
227.291 0
227.389 0
227.489 0
227.593 0
227.75 0
227.794 0
227.895 0
227.996 0
228.152 0
228.196 0
228.3 0
228.397 0
228.502 0
228.6 0
228.701 0
228.853 0
228.906 0
229.011 0
229.105 0
229.204 0
229.308 0
229.414 0
229.511 2
229.612 0
229.716 0
230.008 0
230.059 0
230.256 0
230.273 0
230.361 0
230.461 0
230.565 0
230.663 2
230.963 2
230.984 2
231.009 2
231.319 0
231.337 0
231.356 0
231.378 0
231.471 2
231.573 0
231.668 0
231.769 0
231.929 0
231.976 0
232.073 0
232.171 0
232.325 0
232.425 0
232.482 0
232.578 0
232.676 0
232.776 0
232.881 2
232.981 0
233.079 0
233.228 0
233.284 0
233.382 0
233.487 0
233.592 2
233.683 0
233.89 0
233.986 0
234 0
234.087 0
234.189 0
234.29 0
234.391 0
234.492 0
234.592 0
234.693 0
234.843 0
234.896 0
234.999 0
235.096 0
235.205 0
235.35 0
235.401 0
235.5 0
235.806 0
235.82 0
235.835 0
235.908 0
236.005 0
236.112 0
236.362 0
236.38 0
236.413 0
236.518 0
236.611 0
236.713 0
236.871 0
236.914 0
237.02 0
237.116 0
237.268 0
237.316 0
237.419 0
237.518 0
237.621 0
237.718 0
237.822 0
237.984 0
238.037 0
238.183 0
238.236 0
238.333 0
238.432 0
238.534 0
238.636 0
238.735 0
238.839 0
238.991 0
239.044 0
239.144 0
239.293 0
239.344 0
239.442 0
239.545 0
239.647 0
239.745 0
239.849 0
239.947 0
240.198 0
240.21 0
240.246 0
240.345 0
240.498 2
240.548 0
240.651 2
240.912 0
240.925 0
241.101 2
241.195 0
241.296 0
241.497 0
241.553 0
241.604 0
241.702 0
241.8 0
241.903 2
242.001 0
242.107 2
242.208 0
242.413 2
242.427 0
242.511 0
242.709 0
242.723 0
242.865 0
242.912 0
243.126 0
243.14 0
243.27 0
243.319 0
243.42 0
243.521 0
243.619 0
243.718 0
243.871 0
243.92 0
244.022 0
244.124 0
244.325 0
244.34 0
244.424 0
244.526 0
244.629 0
244.727 0
244.932 0
244.946 0
245.084 0
245.135 0
245.24 0
245.333 0
245.488 0
245.595 0
245.636 0
245.734 0
245.837 0
246.337 0
246.444 2
246.457 0
246.47 0
246.488 0
246.506 0
246.547 0
246.649 0
246.746 0
246.907 0
246.947 0
247.047 0
247.248 0
247.261 0
247.351 0
247.452 0
247.552 0
247.651 0
247.753 0
247.91 2
248.059 0
248.075 0
248.161 0
248.259 0
248.364 0
248.463 0
248.568 2
248.721 2
248.903 0
249.004 2
249.156 0
249.212 2
249.308 0
249.461 0
249.511 0
249.611 0
249.863 0
249.878 0
250.02 0
250.034 0
250.164 0
250.268 0
250.321 0
250.418 0
250.518 0
250.619 0
250.819 0
250.834 0
250.975 0
251.03 0
251.183 0
251.278 0
251.329 0
251.427 0
251.528 0
251.63 0
251.733 0
251.834 0
252.032 0
252.051 0
252.139 0
252.247 0
252.337 0
252.438 0
252.64 0
252.659 0
252.795 0
252.844 0
253.003 0
253.145 0
253.162 0
253.304 0
253.346 0
253.449 0
253.551 0
253.651 0
253.752 0
253.853 0
253.951 0
254.052 0
254.206 0
254.306 0
254.357 0
254.455 0
254.56 0
254.658 0
254.758 0
254.959 0
255.013 0
255.061 0
255.163 0
255.266 0
255.366 0
255.564 0
255.578 0
255.665 0
255.77 0
255.869 0
255.976 0
256.28 2
256.299 2
256.323 2
256.377 2
256.481 0
256.586 0
256.685 0
256.932 0
257.087 0
257.189 0
257.441 0
257.455 0
257.501 0
257.547 0
257.645 0
257.744 0
257.848 0
257.948 0
258.099 0
258.15 0
258.297 0
258.35 0
258.454 0
258.552 0
258.656 0
258.756 0
258.858 0
258.956 0
259.054 0
259.159 0
259.458 0
259.475 0
259.517 0
259.61 0
259.67 0
259.768 0
259.926 0
259.966 0
260.074 0
260.169 0
260.267 0
260.373 0
260.469 0
260.571 0
260.672 0
260.774 0
260.878 0
261.026 0
261.078 2
261.177 0
261.281 0
261.378 0
261.479 2
261.584 2
261.681 0
261.786 0
261.937 0
262.086 0
262.107 0
262.188 0
262.289 0
262.389 0
262.5 0
262.652 0
262.801 0
262.827 0
262.905 0
263.061 0
263.104 0
263.208 0
263.313 0
263.412 0
263.509 0
263.61 0
263.71 0
263.814 0
263.911 0
264.02 0
264.118 0
264.217 0
264.368 0
264.421 0
264.658 0
264.76 0
264.863 0
264.961 0
265.067 0
265.215 2
265.271 0
265.367 0
265.52 2
265.571 0
265.671 0
265.773 0
265.872 0
265.972 0
266.071 0
266.173 0
266.279 0
266.374 0
266.48 0
266.58 0
266.68 0
266.841 2
266.936 0
266.984 0
267.081 0
267.182 0
267.285 0
267.391 0
267.486 0
267.642 0
267.692 0
267.787 0
267.891 0
267.99 0
268.092 0
268.246 0
268.293 0
268.551 0
268.567 0
268.652 0
268.844 0
268.9 0
269 2
269.103 0
269.123 2
269.207 0
269.307 0
269.403 0
269.505 0
269.604 0
269.707 0
269.805 0
269.91 0
270.062 0
270.158 0
270.266 0
270.313 0
270.415 0
270.512 0
270.613 0
270.713 0
270.816 0
270.919 0
271.073 0
271.119 0
271.223 0
271.376 0
271.422 0
271.521 0
271.628 0
271.723 0
271.826 0
271.926 0
272.08 0
272.134 0
272.23 0
272.329 0
272.433 0
272.53 0
272.63 0
272.782 0
272.836 0
272.942 0
273.037 0
273.14 0
273.238 0
273.403 0
273.597 0
273.613 0
273.693 0
273.842 0
273.858 0
273.949 0
274.047 0
274.206 0
274.351 0
274.406 0
274.502 0
274.559 0
274.659 0
274.808 0
274.856 0
274.958 2
275.058 0
275.161 0
275.272 0
275.362 0
275.599 2
275.701 0
275.808 0
275.903 0
276.009 2
276.114 2
276.263 0
276.324 0
276.412 0
276.517 2
276.672 0
276.818 2
276.839 0
276.921 0
277.019 0
277.122 0
277.222 0
277.378 0
277.479 0
277.578 0
277.632 0
277.73 0
277.829 0
278.081 0
278.104 0
278.137 0
278.239 0
278.339 0
278.44 0
278.533 0
278.635 0
278.795 0
278.845 0
278.937 0
279.145 0
279.166 0
279.244 0
279.34 0
279.445 0
279.542 0
279.646 0
279.746 0
279.847 0
280.045 0
280.149 0
280.169 0
280.252 0
280.408 0
280.504 0
280.551 0
280.812 0
280.833 0
280.861 0
281.059 0
281.08 0
281.547 0
281.566 0
281.594 2
281.616 2
281.643 0
281.705 0
281.853 2
281.902 2
282.058 0
282.099 2
282.199 2
282.296 0
282.455 0
282.655 0
282.677 0
282.804 2
282.825 0
282.908 0
283.004 0
283.153 0
283.205 0
283.304 0
283.406 0
283.517 2
283.609 2
283.708 0
283.967 0
283.994 2
284.023 0
284.258 0
284.366 0
284.467 2
284.623 2
284.668 2
284.768 0
284.968 0
284.986 0
285.069 0
285.173 2
285.318 0
285.372 0
285.473 0
285.576 0
285.675 0
285.775 0
285.93 2
286.027 0
286.082 2
286.236 0
286.282 0
286.386 0
286.534 0
286.637 0
286.686 0
286.784 0
286.889 0
287.048 0
287.09 0
287.192 2
287.291 0
287.402 0
287.496 0
287.601 0
287.698 0
287.8 2
287.895 0
288.003 0
288.099 0
288.205 0
288.303 2
288.403 2
288.507 2
288.602 2
288.711 2
288.806 2
288.909 2
289.011 2
289.107 2
289.212 2
289.31 3
289.408 3
289.509 3
289.614 3
289.717 3
289.866 3
289.966 3
290.07 1
290.122 1
290.22 3
290.374 1
290.418 1
290.519 1
290.618 1
290.768 1
290.823 1
290.919 1
291.076 1
291.127 1
291.222 1
291.329 3
291.429 3
291.527 1
291.633 1
291.738 1
291.835 3
292.154 3
292.2 3
292.295 1
292.4 1
292.503 1
292.598 1
292.702 1
292.857 1
292.908 1
293.01 1
293.106 1
293.204 1
293.308 0
293.411 0
293.56 0
293.661 0
293.764 0
293.859 0
293.967 0
294.019 0
294.117 0
294.214 0
294.371 0
294.419 0
294.568 0
294.621 0
294.722 0
294.823 0
295.077 0
295.097 0
295.133 0
295.226 0
295.432 0
295.45 0
295.526 0
295.629 0
295.73 0
295.827 0
295.936 0
296.033 0
296.138 0
296.235 0
296.335 0
296.435 0
296.536 0
296.639 0
296.737 0
296.84 0
296.939 0
297.042 0
297.14 0
297.393 0
297.411 0
297.446 0
297.546 0
297.649 0
297.751 0
297.848 0
298 0
298.052 0
298.202 0
298.258 0
298.412 0
298.455 0
298.904 0
298.918 0
298.939 2
299.102 0
299.122 0
299.205 0
299.303 0
299.405 0
299.557 0
299.608 0
299.707 0
299.815 0
299.907 0
300.06 0
300.116 0
300.266 0
300.368 0
300.415 0
300.52 0
300.617 0
300.72 0
300.822 0
300.92 0
301.023 0
301.172 2
301.223 0
301.329 0
301.479 0
301.529 0
301.678 0
301.732 0
302.08 0
302.101 2
302.125 2
302.239 0
302.255 0
302.333 0
302.436 0
302.537 0
302.635 0
302.744 2
302.989 2
303.006 0
303.091 0
303.145 0
303.243 0
303.395 0
303.495 0
303.605 0
303.653 0
303.745 0
303.901 0
304.046 0
304.068 0
304.156 0
304.254 0
304.351 0
304.452 0
304.613 0
304.658 0
304.755 0
304.856 0
304.955 0
305.057 0
305.208 0
305.266 0
305.559 0
305.574 0
305.594 0
305.72 0
305.818 0
305.866 0
305.976 0
306.22 0
306.239 0
306.274 0
306.372 0
306.524 0
306.572 0
307.029 0
307.049 0
307.069 0
307.176 0
307.191 0
307.215 0
307.279 0
307.43 0
307.531 0
307.586 0
307.681 0
307.781 0
307.882 0
308.343 0
308.358 0
308.38 0
308.396 0
308.642 0
308.66 0
308.684 0
308.701 0
308.793 0
308.893 0
309 0
309.149 2
309.196 2
309.298 0
309.4 0
309.555 0
309.604 0
309.875 2
309.972 0
310.436 2
310.457 0
310.48 2
310.5 0
310.535 0
310.687 0
310.706 2
310.785 0
310.885 2
310.986 2
311.138 0
311.194 0
311.398 0
311.418 0
311.492 0
311.594 0
311.699 0
311.797 0
311.945 0
312.002 0
312.1 0
312.199 0
312.306 0
312.399 0
312.603 0
312.623 0
312.807 0
312.828 0
312.908 0
313.055 0
313.163 0
313.31 0
313.33 0
313.417 0
313.569 0
313.618 0
313.714 0
313.871 0
314.07 0
314.085 0
314.123 0
314.222 0
314.326 0
314.42 0
314.523 0
314.623 0
314.723 0
314.89 0
314.978 0
315.028 0
315.132 0
315.231 0
315.329 0
315.437 0
315.583 0
315.733 0
315.75 0
315.837 2
315.939 0
316.041 0
316.145 2
316.248 0
316.346 0
316.543 0
316.56 0
316.646 0
316.798 0
316.858 2
316.95 2
317.049 0
317.199 2
317.351 2
317.408 2
317.453 0
317.556 2
317.718 0
317.808 0
318.029 0
318.127 0
318.225 2
318.327 0
318.431 2
318.53 0
318.632 2
318.792 0
318.933 0
318.95 0
319.034 0
319.191 0
319.244 0
319.448 0
319.471 0
319.54 0
319.639 0
319.74 0
319.839 0
319.941 0
320.144 0
320.292 0
320.308 0
320.351 0
320.457 2
320.646 2
320.656 2
320.796 2
320.85 2
320.953 2
321.048 2
321.149 2
321.255 2
321.351 2
321.45 2
321.548 3
321.65 3
321.905 3
321.921 3
321.956 3
322.059 3
322.166 3
322.317 3
322.413 3
322.508 3
322.566 3
322.665 3
322.766 3
322.919 3
322.968 3
323.069 3
323.17 3
323.32 3
323.372 3
323.57 3
323.585 3
323.682 3
323.871 3
323.936 3
323.982 3
324.082 3
324.34 3
324.479 3
324.497 3
324.518 3
324.583 3
324.682 3
324.789 3
324.898 3
325.039 1
325.292 3
325.387 3
325.441 1
325.543 3
325.64 1
325.84 1
325.854 1
325.945 1
326.093 1
326.248 1
326.261 1
326.35 1
326.448 3
326.548 1
326.65 1
326.752 1
326.85 1
326.952 1
327.112 1
327.207 1
327.409 1
327.427 1
327.464 1
327.561 0
327.715 0
327.762 0
327.923 0
327.967 0
328.065 0
328.22 0
328.27 0
328.419 0
328.471 0
328.57 0
328.727 0
328.779 0
328.926 0
328.972 0
329.074 0
329.328 0
329.342 0
329.383 0
329.478 0
329.63 0
329.743 0
329.836 0
329.888 2
329.991 0
330.144 2
330.242 0
330.344 0
330.392 2
330.494 0
330.595 0
330.745 2
330.8 0
330.895 0
331.054 0
331.098 0
331.197 0
331.303 0
331.454 0
331.503 2
331.707 2
331.85 0
331.864 0
332.053 0
332.208 0
332.311 2
332.412 2
332.46 0
332.562 0
332.725 0
332.809 0
333.021 0
333.037 0
333.067 0
333.166 0
333.265 0
333.368 0
333.523 0
333.625 0
333.672 0
333.774 0
333.871 0
333.974 0
334.13 0
334.178 0
334.429 0
334.678 0
334.734 0
334.753 0
334.773 0
334.892 0
334.983 0
335.041 2
335.091 0
335.194 0
335.295 0
335.59 0
335.606 2
335.625 0
335.696 0
335.951 0
335.967 0
336.103 0
336.123 0
336.204 0
336.302 0
336.403 0
336.499 0
336.604 0
336.711 0
336.86 0
336.906 0
337.006 0
337.117 0
337.264 0
337.367 0
337.46 0
337.563 0
337.62 2
337.722 0
337.818 0
337.92 0
338.02 2
338.128 0
338.223 0
338.326 0
338.527 0
338.577 0
338.633 0
