Time LX LY LZ
8.35412 1.4462e+07 1.4462e+07 1.4462e+07
8.45684 986.952 385.168 6327.45
8.55279 3442.52 9972.36 33032.8
8.75421 3448.18 10350.9 34177.9
8.81226 2850.09 8301.27 33376.9
8.90363 2878.11 8512.49 34059.2
8.95876 2909.29 8687.43 34857.6
9.05928 2942.53 8829.69 35864.8
9.15743 2975.29 8939.57 21225.8
9.26269 2592.17 7233.67 22000.9
9.41198 2618.87 7353.01 22826.9
9.46291 2637.66 7419.65 23463.5
9.5605 2661.7 7501.42 24049.4
9.66332 2692.71 7606.38 24660
9.81388 880.001 381.531 5457.49
9.86527 2912.74 9731.74 28325.5
9.9655 567.557 384.747 1468
10.0663 523.822 384.952 1116.83
10.1746 527.314 379.395 1207.14
10.3669 5448.02 12573 34336.6
10.3735 526.39 382.071 1194.01
10.5218 749.635 382.002 3295.09
10.6195 4331.42 11730.6 26874.9
10.6741 600.863 379.521 1865.27
10.8699 4511.85 14671.5 28508.5
10.9256 599.987 387.108 1825.97
10.9733 801.376 383.188 4142.91
11.0742 4873.77 17592.3 31087.9
11.1743 606.509 389.645 1724.12
11.2755 710.329 390.348 2699.54
11.3744 5095.76 18820.9 33613.4
11.4776 548.232 389.663 1201.25
11.579 616.253 386.43 1741.04
11.6812 5464.99 22719.8 35640.5
11.7795 5506.39 22949.4 36267.5
11.8891 5552.29 23209.6 36900.3
11.9821 689.658 389.048 2290.52
12.0809 5679.74 25615.9 39107.9
12.1839 5734.53 25965 39726.9
12.2826 5795.61 26375.8 40468.1
12.3824 5856.57 26834.1 41041
12.4857 610.439 384.385 1550.1
12.584 6054.63 28602.2 41703
12.6858 6121.55 29115 41923.3
12.786 6186.73 29610.4 42077.2
12.9402 6248.73 30076.1 42178.1
12.9911 799.669 383.733 4203.1
13.0887 709.249 384.619 2997.82
13.1896 838.687 386.066 4625.83
13.3419 7057.86 39756.6 44417.5
13.3904 7092.4 40078.9 44512.4
13.4933 7122.14 40382.7 44722.3
13.5926 7139.74 40311.8 44763.9
13.6924 7162.69 40646.2 45368.1
13.9002 7186.05 41011 46367.8
13.9068 7214.76 41418.5 47924.7
13.9981 7250.92 41870.2 50234.8
14.0958 7292.12 42336.2 53459.2
14.1979 7339.67 42819.1 57680.5
14.2992 7390.59 43297.3 62852.4
14.3991 7442.45 43755.7 68780.8
14.5014 7492.5 44173.8 75118.1
14.6013 7537.86 44530.2 81446.9
14.7001 7577.3 44820.1 87414.3
14.8501 7610.86 45046 92825.7
14.9557 7638.79 45217.4 97597.7
15.0042 7660.68 45337.6 101724
15.1066 7679.77 45416.9 105300
15.2092 7696.26 45469.6 108392
15.3069 7711.99 45511.4 111076
15.4139 7726.84 45548.5 113434
15.5144 7740.99 45583 115521
15.7411 7754.28 45613.2 117375
15.9196 7767.08 45637.8 119047
15.9538 7779.37 45655.9 120571
16.7031 7796.14 45576.5 121647
16.7485 7815.84 45684.5 123456
16.759 7836.98 45761 124865
16.77 7863.32 45860.5 126186
16.7834 7896.47 46009 127493
16.8011 7931.25 46193.7 128747
16.8106 7971.37 46409.7 129995
16.9938 8016.29 46656.8 131240
17.0036 1142.79 396.369 9070.41
17.0872 9277.9 55484.2 140691
17.2292 9350.31 55905.7 141922
17.3623 9426.58 56359.9 143152
17.4126 9511.24 56866.2 144467
17.5097 9613.82 57457.3 145777
17.6089 9729.39 58162.7 147258
17.7101 9849.08 58953 148822
17.8128 9975.93 59821 150438
18.1158 10110.6 60759.9 152140
18.1255 10251.1 61767.3 153943
18.1342 10395.5 62824.8 155818
18.2137 10548 63930.5 157771
18.3185 10706.8 65076.2 159793
18.4133 10869.4 66253.8 161930
18.5149 11060.8 67505.3 164069
18.6157 11264.7 68865.1 166432
18.7162 11477.8 70319.3 168924
18.8159 11700.8 71851.5 171522
18.9161 11936.3 73468.2 174274
19.0201 12178.9 75163.8 177137
19.1176 12428.2 76908.2 180049
19.2728 12690 78717.3 183105
19.3212 10959.3 66796.2 176947
19.4699 11185.6 68326.1 180069
19.5239 11427.6 69946.2 183174
19.624 11705.8 71729.8 186991
19.7248 12005.5 73685.8 191062
19.8269 723.684 391.2 2789.56
19.9237 12516.5 78671.2 202207
20.0292 12872.4 81069.7 207161
20.1289 13252.4 83602 212420
20.2303 716.301 388.995 2548.19
20.3359 14308.9 90796.3 224832
20.5868 14784.6 93789.8 231140
20.5988 791.422 389.662 3193.31
20.6382 14627.3 83744.6 238304
20.7391 673.731 390.676 1865.54
20.8325 15548.8 82187.6 254408
20.9319 14848.9 75170.6 234798
21.0872 15556.8 78438 244784
21.1338 15741.4 75859.7 254181
21.234 15804.6 64910.3 240008
21.3408 16647.7 67904.7 252343
21.486 17548.4 265554 71018.4
21.5389 18112.9 268139 73258.2
21.6373 19181 284622 76863.3
21.7899 698.398 388.804 1894.8
21.9387 22015 324066 85581.7
21.9461 23380 345097 90128.8
22.0428 809.653 381.815 2746.1
22.1442 26503.5 376752 96567.8
22.245 27950 379998 97244.9
22.3957 1337.26 395.696 6555.55
22.4459 30995.1 525746 116602
22.5525 28019.2 537039 95742
22.6464 29648.3 588385 100585
22.7454 31434.5 645004 105843
22.8474 33396.4 701574 111501
22.9502 700.631 397.32 1351.04
23.0486 11360.4 76019.6 213410
23.1525 10769.4 65605.5 211459
23.2504 961.859 382.247 3311.98
23.3514 11779 78381.9 236255
23.5048 11295.5 52566 183020
23.6041 11892.6 55269.5 192832
23.6587 818.679 395.279 1766.15
23.8087 13450.2 63620.7 219129
23.8599 14321.7 67514.2 67514.2
23.9595 15010.6 69614.1 69614.1
24.0629 15414.6 72804 72804
24.1614 16590.3 267015 77796.7
24.3213 17803.1 285039 82788
24.3642 19278.5 306634 88584.3
24.4675 20930.8 329094 94864.9
24.5646 22811.3 351108 101795
24.7242 1192.02 391.677 4019.48
24.772 1159.95 389.956 3623.15
24.868 896.004 391.861 1790.93
25.0202 19128 339609 88651.5
25.1162 20848.5 348488 89018.9
25.2253 23076.2 99105.6 99105.6
25.2731 1150.55 388.43 3151.4
25.3737 1065.89 389.6 2591.85
25.6713 28430.1 2.50545e+06 148146
25.682 20893.7 2.20591e+06 132247
25.6899 10454.2 42885.8 147659
25.7753 10980.8 46596.8 46596.8
25.8744 12134.8 183214 51116.6
25.9762 1375.72 378.393 3969.06
26.133 988.803 390.439 1871.66
26.2265 12327.2 54853.5 164106
26.3291 13626.6 60731.4 60731.4
26.3823 1079.84 384.111 2209.7
26.5339 17175.9 234905 78507
26.5803 12270.4 212290 70364.8
26.7309 13692.5 241693 79966.9
26.8299 1115.18 390.088 2115.43
27.1336 18190.2 307111 108203
27.1419 1018.35 384.921 1788.23
27.1513 26222.3 3.10952e+06 157715
27.1885 31951.7 4.96869e+06 188428
27.2908 39655.7 2.32548e+07 226325
27.3881 44350.8 6.5181e+07 259135
27.4901 44957.7 3.4427e+08 271874
27.5962 55534.5 7.86526e+09 312797
27.7454 69779.8 1.48423e+12 342708
27.7914 88322.7 1.29133e+09 425889
27.8933 9758.36 58478.9 58478.9
27.9927 11455.1 965234 69719.3
28.094 13756.2 84197.1 84197.1
28.2406 15306.6 3.9709e+06 97675.5
28.3015 18195.8 112858 112858
28.4001 5303.06 4.14934e+07 254740
28.5076 3504.39 400.104 5071.46
28.6438 3504.39 400.104 5071.46
28.6988 3504.39 400.104 5071.46
28.7997 3504.39 400.104 5071.46
28.8995 3504.39 400.104 5071.46
29.0011 3504.39 400.104 5071.46
29.1117 296.225 746.953 3294.22
29.2093 242.22 549.417 3571.32
29.3622 289.183 514.526 1897.78
29.6035 479.53 4663.38 23571.7
29.6604 309.469 623.683 2322.47
29.7592 447.319 4534.37 24220.2
29.8601 420.282 4165.75 23183.7
29.9632 992.76 3159.14 3159.14
30.063 448.449 4091.92 23954.1
30.1641 251.85 633.596 3693.24
30.2645 439.107 3646.76 23283.4
30.3753 285.94 562.482 1991.32
30.4733 191.589 430.053 1374.1
30.567 217.124 491.661 1881.08
30.6685 452.525 3446.53 23273.6
30.8273 203.032 918.975 4250.92
30.872 207.872 796.302 3510.51
30.9728 122.478 407.864 1227.28
31.074 185.145 706.826 4950.95
31.1749 177.35 712.835 4757.14
31.2752 163.367 709.362 4430.17
31.3776 203.02 516.614 1726.79
31.479 175.158 554.895 2208.55
31.5803 210.063 770.702 2944.65
31.6776 1849.9 13592.2 50930.6
31.7832 1899.76 14102 52019.8
31.9303 1948.14 14601 53099.4
32.0336 1991.95 15063.4 54106.1
32.0867 276.037 681.479 3889.26
32.1888 265.228 626.783 3362.27
32.2844 3457.6 19142.5 63659.8
32.3865 3492.74 19387.5 64231.4
32.5907 3515.39 19549.8 64638.3
32.6006 3527.42 19641.6 64907.8
32.6885 3529.05 19663.8 65047.2
32.8394 3521.58 19623.3 65072.6
32.8906 3507.36 19536.4 65007.5
32.991 3486.87 19407.8 64863.2
33.0927 3462.37 19251.7 64662.5
33.1919 3435.37 19077.5 64423.4
33.3455 3406.66 18891 64156.6
33.3978 3377.65 18700 63877.5
33.4949 3348.7 18510.2 63592.7
33.5982 3320.89 18326.5 63311.8
33.6978 3294.58 18153.2 63043.1
33.8016 3270.5 17990.8 62789.4
33.8988 3249.37 17845.3 62559.4
34.0041 3231.92 17722.6 62364.4
34.1501 3217.4 17621.7 62201.3
34.2062 156.258 545.859 3093.03
34.3071 3206.51 18577.5 64141.2
34.4072 3199.18 18535.8 64073.6
34.6584 3194.44 18513.5 64035.5
34.6745 3192.68 18508.8 64026.5
34.7573 3193.38 18520.4 64043.5
34.8091 3196.11 18549.2 64086.7
34.9579 3201.21 18595.4 64159.8
35.01 3209.99 18666.1 64271.7
35.1105 3222.2 18760.9 64421.1
35.2128 234.379 1178.12 6229.09
35.3138 4192.11 22038.9 70268.8
35.5142 4223.5 22202.2 70531.9
35.5276 4257.65 22380.2 70818.1
35.6673 284.662 552.527 3154.86
35.7222 4596.47 21966.4 71953
35.818 231.768 573.534 2977.25
35.9198 232.903 588.102 4244.23
36.0226 170.61 522.587 1998.17
36.1179 4760.85 24028.1 77560.2
36.2217 3713.5 20935.3 72234
36.323 3746.61 21174.1 72638.2
36.4209 3781.03 21416.8 73051.9
36.5222 3816.71 21663 73474
36.7783 3787.26 20267 70529.5
36.7883 3821.94 19093.1 68332.6
36.8293 3859.84 19291.1 68702.5
36.9268 3734.59 18423.5 66286.5
37.0282 3769.64 17004.9 64159.9
37.134 279.805 690.177 3453.88
37.2324 3845.24 17211.3 63779.4
37.3856 217.13 654.185 3843.81
37.4305 3503.11 15977.2 55682.8
37.5311 3429.04 15491.8 53399.4
37.6309 3488.51 15670.8 53766.2
37.7312 2501.5 11901.7 47214.7
37.8468 1410.99 1410.99 6882.62
37.9886 267.756 1666.38 8315.36
38.0357 5886.67 19396.5 64787
38.1405 6008.15 18268 63714.9
38.2453 5942.97 16791.9 62538.2
38.4003 5952.55 16856.1 62683.2
38.4466 5947.76 16877.5 62745.6
38.7063 5948.6 16912 62781.7
38.799 5951.8 16941.1 62801
38.8996 142.692 438.188 1634.96
39.0496 5991.05 17095.7 64383.3
39.1056 5978.55 17094.5 64300.6
39.1998 5946.51 17029.6 64130
39.3043 202.955 493.684 2679.17
39.4048 6320.78 18364.2 71219.8
39.5057 6178.42 18024.4 70567
39.6057 6007.19 17599.5 69714.4
39.7072 5811.82 17101.9 68674.4
39.9589 5594 16534.8 67467.2
39.9738 5287.54 15899.5 65349.3
40.0162 4349.44 14430.5 58355.9
40.1131 4964.45 380.077 15863.7
40.2118 87184.2 12669.6 118228
40.3188 4537.72 383.864 12935
40.4142 5395.53 379.229 19946.2
40.5172 211868 12599.6 179132
40.6178 1199.28 384.961 6844.92
40.7202 1255.72 6122.53 34568.4
40.8194 1163.61 5709.29 33372.6
40.9716 1083.85 5331.09 32229.4
41.021 1014.26 4989.92 31150.4
41.1218 922.52 4568.16 28675.1
41.2203 876.286 4307.58 27802
41.3193 576.994 287.379 2559.57
41.4687 616.094 3744.27 26019.9
41.5227 1710.27 340.268 7374.36
41.7743 601.283 2561.51 2561.51
41.7848 298.097 2119.13 2119.13
41.9252 1193.54 4347.48 29315.6
41.98 1146.36 4037.59 27480.7
42.0244 1093.05 3715.89 25603
42.1311 1042.23 282.21 7075.67
42.2291 1446.3 5229.31 33020.1
42.3292 748.519 272.89 4993.8
42.4833 1541.68 5590.89 35637.9
42.5319 140.887 515.382 2107.4
42.933 155.247 564.579 2253.36
42.9474 1278.42 337.25 4130.42
42.9605 116.954 461.806 2211.41
42.9752 2990.72 9928.9 49954.6
43.0377 2504.01 324.806 7567.89
43.14 4869.63 14321.1 57307.8
43.2404 2684.92 322.226 8140.29
43.3416 228.227 228.227 41060.5
43.4422 229.772 229.772 29558.1
43.5409 7987.94 92344.6 205020
43.6982 8020.32 92806.9 207604
43.7546 1660.1 326.677 9150.85
43.8935 9491.08 95864.7 221399
43.9479 9490.66 95638.6 188433
44.0483 9481.29 95267.6 191516
44.1474 9469.69 94834.7 193362
44.2556 9459.73 94440.6 194444
44.4067 9452.41 94263.4 195255
44.5058 9443.65 94268.4 195885
44.6103 9434.43 94477.8 196475
44.6593 9423.59 94898.6 197065
44.7577 8447.98 78321.4 163917
44.8592 8443.21 79143.9 164524
45.0068 8441.05 80210.2 165322
45.0602 8445.18 81577.2 166358
45.1578 7957.19 43562.3 106424
45.2607 7478.52 25295.8 81776.1
45.357 7554.44 25950.3 82568.3
45.4589 2462.82 310.891 12794.6
45.5644 8149.07 34032.4 98092
45.713 8255.36 35539.6 99886.7
45.8102 7988.6 30367.1 87765.4
45.8669 8132.71 31987 89587.8
45.9638 8289.94 33840.6 91624.7
46.0651 147.986 499.448 1477.75
46.1655 8743.45 39411.9 97622.5
46.2645 7384.03 29742.9 81133.4
46.5267 122.579 428.142 1694.76
46.5424 186.717 606.995 2243.64
46.6192 775.076 326.25 5044.84
46.6735 141.084 489.845 2373.39
46.8752 3880.86 20836.3 69778.7
46.8932 137.866 490.257 2304.37
46.9783 4075.05 23708.4 74608.4
47.0763 4163.25 24932.7 76025.1
47.1773 4251.6 26185.9 77438
47.2736 4340.78 27467.9 78836.6
47.3811 712.331 315.64 3734.78
47.5242 5126.21 33175.7 89763
47.5777 209.661 427.207 1884.09
47.6772 5095.73 32200.7 87252.2
47.7796 174.903 646.665 2543.42
47.8792 4254.46 23836.8 74886.6
47.9865 4305.17 24470.7 75647.6
48.0824 4348.4 25034.3 76320.1
48.1824 4302.25 22689.8 72446.8
48.2837 124.445 423.988 1249.91
48.3837 4339.33 23504.8 74466.7
48.4862 4370.36 23754.3 74810.4
48.6832 4395.54 23953.1 75093.3
48.6941 3932.06 20881.9 69834.8
48.8364 3946.11 20976.9 69990.2
49.0927 176.677 470.642 2959.24
49.1039 3968.97 22073.8 72550.1
49.115 3971.74 22090 72597.9
49.1938 3971.7 22084 72615.8
49.2913 3969.62 22062.7 72612.4
49.3977 3965.52 22026.5 72588.5
49.5415 3960.29 21981.4 72551.1
49.596 3954.26 21931.6 72505.4
49.7512 3948.08 21880.7 72455.5
49.7987 3942.11 21832.1 72406.4
49.8952 3936.48 21788.6 72361.3
49.9988 3931.73 21752.1 72322.8
50.0985 3927.59 21721.4 72289.6
50.1985 3925 21702.6 72269.1
50.2999 3923.19 21694.5 72255.2
50.4015 3921.87 21692.5 72249.6
50.501 3921.08 21694.3 72249.8
50.607 3921.02 21700.8 72255.6
50.7067 3921.66 21711.8 72267.3
50.8028 3922.72 21726.7 72283.6
50.9551 3924.43 21745.5 72304.9
51.0087 3926.62 21768.1 72331.8
51.1556 3929.6 21795.4 72365.2
51.4668 3932.78 21823.4 72399.4
51.4806 3935.41 21846.8 72427.1
51.4908 3937.8 21868.1 72451.1
51.5165 3939.54 21884.3 72468.5
51.6132 3940.91 21896.7 72481.2
51.7134 3941.87 21905.2 72488.4
51.8176 3942.15 21908 72488
51.914 3941.88 21906.2 72481.8
52.0146 3940.91 21898.4 72467.4
52.1159 3939.39 21886.7 72448.2
52.2169 3937.31 21867.9 72419
52.3178 3933.63 21838.3 72374.7
52.4192 3928.66 21798.2 72315.5
52.5253 3922.15 21746.5 72240.7
52.6211 3914.06 21682.2 72147.7
52.7222 3904.77 21607.9 72040.2
52.874 3894.51 21524.1 71918
52.9779 3883.71 21437.4 71792.1
53.0258 3872.49 21346.6 71659.7
53.1254 3860.93 21253.2 71522.6
53.2246 3848.58 21156.3 71380.6
53.327 3834.6 21047.1 71219
53.4284 3819.43 20930.5 71046.1
53.5297 3802.76 20804 70858
53.6342 3785.47 20673.3 70662.7
53.7313 3766.75 20532.2 70450.9
53.9315 3747.19 20385.8 70230.5
54.0849 3727.6 20238.1 70006.3
54.0963 3707.99 20091.4 69782.5
54.1344 3688.06 19944.8 69557.6
54.2364 3667.84 19798.5 69332.3
54.3357 3646.13 19641.2 69088.4
54.4375 3622.51 19470.2 68821.4
54.5407 3598.02 19292.4 68541.1
54.6385 3572.67 19110.1 68252.2
54.7391 3546.56 18924.2 67955.9
54.8402 3519.65 18733.3 67650
54.9404 3492.37 18540 67338
55.0425 3464.93 18345.3 67021.7
55.142 3414.96 17949.4 65104.4
55.242 3387.65 17759.3 64795.4
55.3923 3358.63 17556.4 64461.2
55.4956 3327.76 17341.9 64106.4
55.5967 3295.85 17120.9 63737.7
55.6482 3262.57 16892.4 63353.6
55.8486 3228.57 16659.7 62959.7
55.8591 3194.36 16426.4 62562
55.9508 3159.9 16192.5 62159.8
56.0523 3125.33 15958.7 61754.2
56.1531 3090.59 15724.8 61344.7
56.2535 3055.92 15493.9 60939.9
56.3542 3019.51 15249.9 60504.3
56.5056 2981.23 14995.2 60045.6
56.6551 2941.77 14733.7 59569.3
56.6648 2901.42 14468.1 59080
56.7561 2860.49 14200.4 58582.9
56.9143 218.257 1068.91 8428.49
56.9613 3607.93 19251.6 69215.8
57.0601 3552.94 18815.1 68521.2
57.1676 211.3 988.313 7048.6
57.2658 222.228 1008.16 4689.97
57.5103 226.402 906.87 4213.19
57.6063 4478.22 22787.4 80383
57.708 260.722 1513.49 6579.15
58.0104 4690.98 23316 80160.9
58.0235 4342.32 21222.6 76881.6
58.0355 3975.05 18924.6 73023
58.116 3454.6 15147.4 65043.3
58.2112 3148.47 13333.5 61365.4
58.3134 2881.14 11767.1 57947
58.4188 2651.2 10449.5 54776.3
58.5177 263.755 1039.52 4021.26
58.7674 944.422 3462.6 3462.6
58.9178 2620.77 8823.73 50486.9
58.9296 2535.44 8378.41 49311
58.9427 2472.97 8045.69 48414.4
59.0196 2428.77 7807.04 47763.5
59.1208 2400.51 7641.13 47298.8
59.2204 2388.28 7544.03 47023.3
59.3284 256.62 1166.48 4127.19
59.5256 214.015 845.179 3260.39
59.5387 3096.38 10568.2 56495.8
59.6276 186.91 734.446 4090.75
59.727 3164.23 11619.2 59468.3
59.8396 184.634 645.806 3745.78
59.9359 252.195 630.331 1810.66
60.0397 598.016 388.759 1875.36
60.1355 238.581 1061.9 3399.13
60.242 225.763 1405.58 5302.09
60.341 2263.8 8038.28 26988
60.5013 2000.62 8060.47 24368
60.5434 518.283 375.892 2851.23
60.6382 168.298 522.737 2748.2
60.7388 2549.31 10674.4 32422.9
60.84 2629.7 11123.3 33188.6
60.9453 2714.29 10581.3 31455.4
61.0485 2455.76 10444.7 28095.1
61.1477 1229.18 3888.83 16924.8
61.2405 1083.26 3509.03 13782.7
61.3422 1094.72 3566.2 13898
61.4455 672.004 1612.01 8784.47
61.5461 676.331 1623.68 8810.37
61.6471 419.081 389.908 2241.48
61.7477 679.312 1634.42 8820.89
61.8487 678.214 1634.49 8810.08
61.9475 675.509 1631.26 8788.73
62.0492 671.533 1625.46 8758.61
62.1501 666.507 1617.55 8721.37
62.2521 660.716 1608.09 8679.32
62.3525 654.314 1597.42 8633.79
62.4558 647.491 1586.02 8585.86
62.5566 639.968 1573.15 8531.62
62.6581 632.314 1560.27 8478.26
62.7557 624.968 1549.07 8433.02
62.8578 617.82 1539.21 8393.49
63.0105 610.85 1530.41 8358.43
63.0634 604.076 1522.66 8327.79
63.1564 597.632 1516.16 8302.42
63.2578 591.635 1511.08 8282.44
63.3628 585.983 1507.16 8267.41
63.4643 225.208 1636.89 6960.72
63.6162 599.128 2204.13 9444.29
63.7281 595.36 2201.69 9439.37
63.8215 614.952 379.929 3494.35
63.9221 847.253 2965.46 11781.2
63.9694 850.381 2975.03 11814.1
64.0677 853.464 2987.63 11853.7
64.1672 584.36 2239.4 9570.87
64.2672 582.713 2253.1 9612.2
64.3699 581.167 2268.12 9656.71
64.5262 106.033 399.081 1227.41
64.5748 577.682 2298.47 9742.17
64.6714 464.261 1264.04 7814.26
64.7765 463.436 1267.26 7861.13
64.8745 239.328 1587.51 6628.64
65.0244 192.911 779.315 5207.37
65.077 6832.62 22109.2 85333
65.1758 6786.17 22232.1 85465.9
65.2751 6754.34 21571.4 83665.8
65.3817 228.678 701.337 3750.42
65.6389 250.956 1933.37 7957.58
65.9338 7866.76 22909.5 89651.8
65.9531 125.645 409.994 1304.34
65.9741 7052.23 19123.1 78009.2
65.9959 6738.63 18398.6 73497.9
66.0402 6128.6 17596.3 69841.7
66.0854 6135.69 17587.7 69832.2
66.3212 6139.27 17596.6 69847.1
66.5233 6087.99 17473 68221.3
66.5326 6092.43 17494.7 68250.3
66.6222 6097.07 17509.1 68248.3
66.7727 6099.21 17507.3 68242.6
66.8293 82.6176 396.984 1088.04
66.9298 1713.23 9275.04 9275.04
67.0261 7576.33 21062.3 76290.5
67.1258 7443.11 20703.8 75707.9
67.2307 7283.62 20266.6 74973.7
67.3276 7099.1 19752 74081.6
67.4288 6885.64 19151.4 73013.2
67.529 6648.73 18477.4 71789.8
67.728 6164.84 17578.4 69836.4
67.7374 5862.31 16725.8 68232.9
68.1972 5496.17 15688.7 65098.3
68.219 6816.89 380.498 18761
68.2343 334182 19897.6 281835
68.2484 405830 19434.1 326930
68.2586 16172.7 16172.7 256543
68.3493 746.656 3249.53 3249.53
68.4483 3735.43 10054.5 51312.5
68.5544 3234.64 8857.07 46485.9
68.6544 3014.34 8201.2 44637.9
68.8069 2817.62 7616.23 42928.6
68.9123 2293.75 306.288 15028.4
68.9578 890.45 3332.25 3332.25
69.0588 1818.17 333.093 6764.9
69.1593 234.615 791.953 2548.39
69.2608 2945.19 7623.5 44906.6
69.3598 2830.94 7293.95 43797.6
69.5156 176.093 675.681 2378.92
69.6147 1647.2 322.933 8952.87
69.659 2724.74 7437.78 44984.3
69.7656 2677.7 7297.73 44452.4
69.8727 580.841 2255.86 2255.86
69.9717 68.959 400.584 1126.87
70.0734 1541.43 322.58 7551.77
70.1691 4706.5 281.141 33734.4
70.2787 565.915 369.194 2141.92
70.3787 166.093 641.766 2225.88
70.4732 793.843 339.096 2272.15
70.5778 537.135 356.192 1977.3
70.6772 146.36 527.914 1948.29
70.7888 230.298 230.298 36892.6
70.8825 224.748 224.748 32410.6
70.9819 221.268 221.268 34571.8
71.0758 21285.1 988.153 45752
71.1785 21508.7 988.826 46059.9
71.2783 5767.5 246.179 39809.4
71.3787 22441.5 1148.7 48319.6
71.4867 22454.4 1149.64 48345.4
71.5806 22412.9 1150.16 48288.8
71.8378 22305.7 1150.35 48138.7
71.8586 22146.6 1149.8 47907.7
72.043 21949.7 1148.54 47610.7
72.29 21816.2 1145.56 47357.8
72.3069 21758.4 1140.42 47154.2
72.3272 21768.8 1133.26 46990.7
72.3545 4948.66 250.266 25379.2
72.3888 23005.6 1182.23 47856.6
72.5442 22323.7 1101.28 46881.8
72.6378 21911 934.377 45052
72.7379 880.89 880.89 43803.6
72.7984 2625.31 331.389 10690.3
72.8987 555.366 1490.4 10811.5
72.9959 246.509 646.281 3672.48
73.0991 208.873 542.988 2320.1
73.1993 211.063 545.811 2331.06
73.2987 213.149 549.045 2343.74
73.4002 96.5253 422.905 1171.18
73.5056 107.339 394.214 1091.23
73.6016 250.205 685.196 3820.81
73.7027 91.9691 405.348 1095.96
73.7974 251.17 702.359 3890.95
73.8991 224.452 575.708 2450.4
73.9991 104.568 424.737 1207.14
74.1062 125.434 477.188 1833.1
74.2059 217.502 872.275 2744.2
74.3055 207.494 769.492 2447.12
74.4027 318.541 1089.97 7213.71
74.5027 320.557 1107.26 7297.43
74.6051 95.238 424.617 1131.89
74.7601 122.808 507.17 2046.02
74.8105 119.282 517.785 2112.76
75.0598 655.232 1596.02 12518.4
75.0794 662.567 1615.82 12616.4
75.1155 189.734 421.57 1741.4
75.215 159.963 638.864 2184.1
75.3117 698.305 1896.85 13742.6
75.4184 703.012 1911.66 13798.5
75.5156 170.447 890.798 3158.72
75.7196 261.652 800.61 3711.86
75.7374 967.318 3074.89 19204
75.9176 970.492 3083.26 19229.5
75.977 972.641 3088.25 19242.9
76.0194 973.845 3090.03 19244.7
76.1219 962.165 2483.91 18045.4
76.2216 961.099 2481.43 18030.3
76.3215 959.68 2477.88 18011.2
76.4204 958.098 2473.54 17990.1
76.572 956.372 2468.66 17967.7
76.628 954.666 2463.56 17945.8
76.7815 952.866 2458.62 17923.8
76.8269 951.164 2453.4 17903.2
77.0244 949.834 2449.02 17885.9
77.0409 948.792 2445.76 17872.4
77.1282 948.039 2443.4 17863.5
77.2291 947.617 2441.88 17858
77.3291 947.515 2441.19 17856.7
77.5301 947.588 2441.28 17858.7
77.5449 947.872 2442.1 17863.2
77.6403 948.332 2443.67 17869.8
77.836 949.023 2445.74 17879.2
77.8523 949.954 2448.47 17891.8
78.0914 950.92 2451.4 17906.4
78.1088 951.835 2454.57 17920.4
78.1374 952.851 2457.86 17935.5
78.2369 953.835 2461.03 17949.7
78.3388 954.923 2464.33 17965.3
78.4409 955.8 2467.42 17978.3
78.5415 956.49 2470.04 17989.2
78.6422 957.009 2472.19 17997.8
78.7399 957.384 2473.87 18004.6
78.8508 957.52 2475.03 18008.1
78.9447 957.323 2475.4 18009.5
79.0423 956.702 2474.81 18005.2
79.1455 955.735 2473.08 17996.9
79.2471 954.452 2470.31 17984.2
79.3466 952.704 2466.49 17966.4
79.4476 950.789 2461.79 17944.7
79.5514 948.725 2456.52 17921.5
79.7024 946.496 2450.85 17895.4
79.7515 943.936 2444.21 17866.4
79.9068 941.341 2437.22 17835.5
80.0568 938.48 2430.21 17803.5
80.1129 935.208 2422.16 17766.6
80.1574 931.621 2413.11 17726.2
80.2556 927.755 2403.32 17682.7
80.3562 923.497 2392.56 17634.9
80.4592 919.116 2380.96 17584.7
80.5569 914.581 2369.04 17532
80.6598 909.937 2356.68 17478
80.7599 905.119 2344 17422.3
80.8602 900.203 2331.16 17364.3
81.0118 894.542 2317.37 17303.4
81.0649 888.526 2302.49 17236
81.1646 882.37 2286.7 17165.9
81.2665 875.993 2270.38 17093.3
81.3665 869.384 2253.56 17018
81.4679 862.76 2236.25 16941.1
81.5693 856.085 2218.82 16862.7
81.6714 849.425 2201.47 16784.5
81.7685 842.739 2184.19 16705.8
81.9229 797.537 1859.2 15328
81.9747 791.414 1844.17 15252.3
82.0718 784.836 1828.41 15172
82.172 777.992 1811.96 15088.5
82.2743 770.899 1795.11 15003
82.3789 763.603 1777.99 14915.1
82.4743 756.213 1760.71 14825.8
82.7308 748.757 1743.31 14735.4
82.7494 741.22 1725.73 14643.9
82.879 733.597 1708.22 14551.9
82.9821 228.381 1005.3 3818.21
83.0002 209.476 1041.95 5654.45
83.082 759.011 2369.73 16531.8
83.1816 750.047 2340.02 16411.7
83.2913 740.856 2309.61 16288.7
83.3869 731.5 2278.84 16163.3
83.6298 707.561 2227.58 15285.1
83.729 699.116 2199.66 15175.7
83.835 264.663 859.704 3118.41
83.9934 789.895 2274.67 15508.4
84.0862 781.456 2232.04 15339.1
84.1401 767.301 2174.79 15112.5
84.3498 1377.24 4648.74 4648.74
84.372 210.728 1079.92 5278.38
84.4956 717.421 2393.22 16175.9
84.5466 205.806 1512.6 6860.8
84.6424 762.778 2383.3 16369.6
84.7976 759.373 2381.31 16365.3
84.8495 758.794 2386.15 16387.3
84.9502 701.138 2363.56 16086.6
85.1001 702.896 2370.59 16115.8
85.1513 704.087 2374.45 16131.1
85.2499 705.067 2377.53 16143
85.3488 705.848 2379.62 16150.8
85.4517 879.971 373.866 2683.6
85.7056 767.075 2410.83 16488.1
85.7257 766.981 2408.75 16480
85.9512 766.423 2405.05 16465.8
85.9719 765.231 2399.66 16445
85.996 763.562 2392.58 16417.6
86.0593 761.416 2383.95 16384.1
86.1598 758.693 2373.76 16344.3
86.2567 695.058 2333.03 15966.2
86.358 691.653 2320.87 15918.5
86.4649 687.967 2307.97 15868
86.8644 684.124 2294.73 15816.1
86.8842 680.179 2281.35 15763.6
86.9069 676.293 2268.2 15711.7
86.9302 672.385 2255.43 15661.4
86.9694 668.611 2243.13 15612.8
87.0682 665.008 2231.75 15567.9
87.1699 648.244 1888.15 13916.1
87.2751 644.972 1880.41 13881
87.3711 642.137 1873.87 13851.9
87.6256 639.666 1868.36 13827.7
87.6429 637.531 1863.96 13808.6
87.6743 635.64 1860.38 13793
87.9208 634.118 1857.92 13782.4
87.9416 632.916 1856.43 13776.1
87.9808 631.985 1855.75 13773.4
88.2245 631.366 1855.98 13774.8
88.2445 631.005 1857.12 13779.7
88.2789 240.144 2196.01 7875.3
88.3763 636.411 2035.62 14608.7
88.4803 636.968 2039.16 14624
88.6814 225.397 1873.58 6625.44
88.7018 646.725 2201.82 15444.9
88.842 639.376 2052.08 14680
88.8874 264.429 4441.22 4441.22
89.0354 650.198 2221.45 15521.1
89.0902 246.262 682.093 2665.62
89.1878 243.895 1240.82 4442.43
89.2929 290.193 716.189 2985.85
89.3903 218.827 1793.46 6244.49
89.538 158.718 454.251 1891.82
89.6393 852.905 2539.84 19119
89.6929 854.244 2550.31 19155.5
89.7934 234.965 651.005 2466.3
89.8972 254.894 690.015 2692.78
89.9953 953.745 3328.43 19898.7
90.0952 937.154 3293.8 19492
90.1957 231.567 769.54 3986.01
90.3028 199.642 1951.38 7866.95
90.4011 1183.62 3552.06 21527.2
90.5528 1181.95 3568.42 21561.8
90.6089 1180.09 3585.44 21597.6
90.7054 74.2595 392.396 792.128
90.8002 656.814 2101.07 15139.4
90.9058 205.893 2124.19 9130.79
91.0063 529.113 1906.77 13269.1
91.1044 530.511 1908.35 13286
91.2037 407.975 1139.34 9238.06
91.3056 296.127 1082.19 7868.45
91.407 287.032 973.182 6370.56
91.5083 287.293 973.28 6378.73
91.6056 285.235 955.342 5544.75
91.71 243.615 846.477 3976.69
91.8125 2430.19 259.578 8190.75
91.9128 127.008 464.102 1497.74
92.0098 19541 7906.92 83311.4
92.1148 19413.4 7987.59 83263.3
92.2219 2256.13 219.097 9788.42
92.4831 251.409 558.569 2762.54
92.5853 251.375 559.166 2764.62
92.6827 250.397 559.403 2765.08
92.7872 147.438 444.721 1569.41
92.9856 261.166 699.116 4011.52
93.0008 260.016 697.339 4002.7
93.1451 258.58 695.05 3991.08
93.1911 256.835 692.217 3976.03
93.2973 222.393 222.393 26956.1
93.3949 237.424 504.208 2794.4
93.5057 2960.13 246.198 19310.1
93.592 4789.49 814.354 17848
93.6982 5375.1 264.785 31925.8
93.8044 2817.61 308.778 12743.6
93.9002 3843.34 711.584 14502.1
94.0013 3523.72 590.217 12968.1
94.1091 8104.58 373.502 16736.7
94.2041 2443.1 410.522 11225.9
94.3049 147.957 541.211 3867.36
94.4066 145.056 534.55 3782.51
94.5094 142.116 527.953 3697.19
94.6084 113.599 465.142 2217.47
94.8083 193.816 598.336 2502.86
94.8252 12303.3 3779.55 66810.2
94.9073 9846.65 3259.06 57088.1
95.0089 9212.3 3085.3 54997.4
95.11 152.353 507.683 1842.88
95.2078 8342.44 2855.45 51640.3
95.3098 208.643 724.72 2052.16
95.4159 59.8167 396.966 909.257
95.52 1906.28 344.689 5063.3
95.7228 59.4386 396.15 758.069
95.7453 974.115 3010.99 3010.99
95.8646 514.015 809.229 7773.17
95.9259 96.3499 427.179 1108.84
96.2718 152.491 629.296 2612.1
96.2924 583.103 1175.81 9973.85
96.3203 219.91 391.219 1177.31
96.3773 171.558 585.963 1678.07
96.4836 865.156 348.664 2195.62
96.5305 158.395 626.312 1932.52
96.6306 987.507 325.614 2219.95
96.7312 180.627 711.816 2126.33
96.8371 196.368 800.118 2301.12
96.9332 225.925 225.925 36320
97.0344 226.519 226.519 40546.1
97.1852 4179.97 2166.35 26572.5
97.2359 4214.45 2180.32 26680.5
97.3332 4241.18 2191.46 26767
97.4376 4242.78 2118.99 26531.2
97.5374 5063.09 255.672 20207.2
97.838 4278.35 2211.51 26896.6
97.863 5889.22 258.502 29027.7
97.8905 4326.01 2266.19 27694.6
97.9431 4322.3 2260.56 27666.2
98.1418 4317 2253.04 27628
98.2984 4266.87 2188.11 26776.7
98.5465 4245.01 2098.55 26434.3
98.5696 4241.35 2088.07 26384.8
98.5996 1836.97 3369.9 22886.3
98.6274 1830.53 3371.74 22866.5
98.6954 1823.55 3380.8 22853
98.8005 1814.23 3399.58 22846.1
98.8502 3266.09 1503.52 20349.8
98.949 3301.99 1494.13 20370.1
99.0447 3346.56 1485.1 20405.6
99.1486 1388.12 2433.2 16821.3
99.251 1380.75 2476.91 16868.2
99.3499 1374.26 2525.81 16924
99.4536 1368.68 2579.9 16989.8
99.5494 1352.88 2610.22 16722.8
99.7014 1182.62 2657.99 15882.8
99.8015 1180.12 2728.94 15978.4
99.963 209.101 852.012 2395.72
99.9896 159.838 576.545 2092.55
100.057 1245.77 2985.52 16597.3
100.158 894.563 333.379 4205.21
100.262 759.45 352.688 2982.99
100.359 1302.69 3281.35 17668.8
100.457 1304.59 3364.04 17778.4
100.557 1306.99 3444.12 17883.3
100.719 1309.9 3517.07 17981
100.762 1274.66 3576.33 17682.8
100.96 1278.48 3630.07 17758.8
101.164 1282.4 3675.76 17826
101.194 1270.95 290.658 4621.54
101.226 168.421 1000.3 4398.57
101.269 2941.65 5999.2 27076.2
101.373 2953.16 6027.5 27131.9
101.525 217.659 518.584 2834.9
101.587 213.082 575.77 2588
101.728 222.112 569.102 2652.74
101.875 3288.94 6783.85 30363.2
101.9 3295.82 6767.67 30357.2
102.03 222.573 1241.79 5802.32
102.083 3345.77 6827.1 31184.2
102.181 3348.43 6802.57 31161.1
102.28 3350.48 6778.34 31137.7
102.385 3351.7 6755.36 31113.8
102.482 3352 6734.56 31091.1
102.638 3351.66 6715.74 31068
102.685 3350.72 6700.38 31046
102.782 3349.27 6689.29 31032
102.883 3347.48 6682.52 31023.8
102.984 3339.79 6562.82 30348.3
103.086 3337.79 6562.54 30346.1
103.187 3335.79 6565.51 30347.1
103.289 3333.74 6571.66 30352.3
103.389 3331.62 6579.87 30360.6
103.492 3286.1 6484.83 29512
103.597 3283.02 6495.52 29515.5
103.741 3279.72 6507.47 29522.6
103.793 3275.97 6520.24 29529.4
103.891 3272.13 6533.37 29536.2
104.052 3268.3 6546.36 29541.2
104.102 3264.3 6557.26 29542.2
104.2 3260.65 6567.17 29547.7
104.303 3256.2 6573.65 29545
104.398 3251.58 6578.02 29539
104.499 3246.45 6579.1 29527.1
104.699 3241.34 6577.29 29512.2
104.725 3235.43 6570.04 29488.2
104.802 3229.08 6557.85 29459
104.904 3221.9 6540.76 29417
105 3214.65 6520.54 29373.1
105.107 3207.16 6497.87 29326.6
105.204 3199.47 6473.06 29277
105.308 3191.56 6445.68 29223.7
105.409 3183.47 6416.32 29166.8
105.562 3175.37 6385.74 29109
105.611 3166.86 6351.9 29045.9
105.76 3156.88 6312.77 28971.2
105.811 3145.76 6269.17 28888.5
106.063 3133.53 6222.55 28798.1
106.091 3120.36 6173.15 28701.8
106.118 3106.53 6121.96 28602.5
106.212 3091.44 6068.09 28494.8
106.315 3075.87 6013.69 28386.1
106.415 3059.83 5959.12 28274.8
106.515 3043.35 5904.74 28162.7
106.671 3026.53 5849.43 28049.7
106.769 3007.65 5789.22 27924.1
106.824 2986.88 5725.73 27788
106.923 2964.73 5660.06 27645.3
107.023 2941.8 5593.32 27500.3
107.123 2917.9 5525.54 27348.6
107.225 2788.16 5450.58 26887
107.325 2764.27 5382.56 26733.7
107.423 2739.81 5314.32 26576.7
107.526 2715.42 5247.3 26421.9
107.627 2690.65 5179.64 26262.9
107.779 2664.5 5108.41 26097.6
107.83 2636.73 5034.3 25921.9
107.932 2607.63 4957.83 25736
108.033 2577.84 4880.6 25546.3
108.134 2547.48 4802.63 25353.8
108.236 2517.02 4725.03 25160.6
108.337 2486.56 4647.86 24966.4
108.44 2456.23 4571.32 24773.1
108.594 2425.94 4495.53 24578.6
108.646 2395.98 4419.76 24384.1
108.737 235.333 1601.34 4636.88
108.843 229.187 1578.53 4630.11
108.993 2420 4302.46 25535.9
109.1 228.007 871.863 3859.54
109.152 229.738 1007.46 4428.03
109.398 2354.66 4196.98 26504.1
109.553 2322.46 4119.34 26269.7
109.602 209.394 1629.41 6484.34
109.699 2283.62 4020.83 26583.3
109.803 2233.43 3914.99 26253.7
109.902 2180.43 3795.05 25882.6
110.003 2102.51 3631.2 24788.8
110.103 2067.79 3541.67 24482.3
110.202 2048.2 3487.29 24298.3
110.308 2040.14 3461.37 24220.3
110.405 2040.4 3455.99 24217
110.51 2045.77 3463.88 24259
110.619 2053.66 3479.1 24322
110.761 2061.23 3496.02 24388.8
110.82 217.523 1345.34 4953.27
110.916 213.188 1313.08 5512.11
111.019 1042.92 1042.92 2787.32
111.12 2734.47 6752.62 34151.3
111.222 2733.77 6752.95 34151.7
111.319 2730.76 6745.74 34134.2
111.417 2725.29 6730.6 34098
111.573 2717.24 6706.99 34042.3
111.62 2706.76 6675.62 33967.8
111.723 2694.38 6638.16 33877.4
111.82 2679.99 6594.09 33770.3
111.922 2664.21 6543.89 33647.8
112.026 2647 6490.76 33514
112.128 2629.03 6436.23 33376.6
112.23 2610.5 6380.7 33233.7
112.332 2592.07 6326.11 33091.3
112.427 2554.02 6188.86 32671.9
112.578 2536.38 6137.65 32533.6
112.78 2519.46 6089.58 32402
112.813 2503.62 6045.5 32279.1
112.839 2488.75 6004.62 32164.3
112.981 2475.46 5966.29 32055.7
113.084 2463.16 5934.29 31961
113.137 2452.06 5909.12 31882.6
113.29 2442.16 5889.63 31816.6
113.338 2433.67 5876.12 31767.5
113.439 2202.18 5370.28 29640.4
113.585 2196.89 5368.66 29618.1
113.685 2193.04 5372.16 29608
113.743 2190.29 5380.14 29608.6
113.84 2188.74 5392.06 29621
113.941 2188.71 5404.69 29637.5
114.04 2189.11 5423.8 29667.6
114.146 2141.88 5006.15 27886.3
114.291 2143.08 5033.33 27933
114.344 2144.78 5064.11 27987.4
114.449 229.567 229.567 8695.39
114.605 952.142 390.764 3902.31
114.646 2214.04 5640.97 30702
114.751 2198.49 5659.41 30083.5
114.848 2154.38 5240.97 28296.4
114.951 2157.25 5272.15 28350.5
115.048 2159.56 5308.72 28412.5
115.156 1944.63 4826.99 26902.4
115.254 202.293 551.783 2426.71
115.352 1979.32 5012.44 27330.8
115.454 1978.4 5057.41 27394.9
115.606 154.888 454.231 1687.68
115.714 126.602 431.496 1228.51
115.756 2154.7 5622.19 28875.5
115.862 261.135 2465.8 2465.8
115.957 2618.11 5914.17 29350.2
116.061 2616.15 5952.75 29388.5
116.162 938.634 3114.41 3114.41
116.259 2669.46 4759.83 27208.8
116.365 2506.44 4317.9 25864.8
116.462 2506.25 4342.74 25903.1
116.565 69.9132 395.062 959.89
116.713 2663.91 4867.04 27374.1
116.825 2039.51 238.457 6633.55
116.872 55.4584 390.522 675.948
117.017 1884.8 3818.1 24281.6
117.081 2553.47 235.628 8163.92
117.169 1991.42 3872.79 23278.1
117.27 57.6126 392.664 678.939
117.376 1560.96 3163 18347.1
117.467 1459.61 2462.04 15910.6
117.566 1000.62 1657.67 12928
117.671 646.421 1124.68 10271.4
117.772 646.811 1123.66 10268
118.106 645.127 1121.52 10250.8
118.128 612.421 1111.68 9993.89
118.209 613.54 1114.05 10006.5
118.315 3992.02 228.36 15278.8
118.466 614.025 1114.24 10008.6
118.517 613.318 1113.14 10002.5
118.616 611.992 1111.06 9990.57
118.717 609.982 1108.01 9972.61
118.821 151.784 556.77 2521.55
118.922 733.122 1883.32 12133
119.02 728.995 1868.11 12090.4
119.129 2403.1 283.798 14603.7
119.223 1131.46 2028.08 14491.4
119.328 704.049 1769.95 11773.3
119.425 691.026 1724.71 11623.5
119.527 592.443 1647.57 11196.2
119.63 6635.84 290.154 25377.9
119.727 642.533 1566.97 11072.5
119.83 624.287 1511.46 10867.5
119.943 9778.78 374.011 16849.3
120.095 499.077 1376.56 10200.8
120.146 480.263 1324.24 9986.62
120.231 436.068 868.746 8332.91
120.335 420.134 847.863 8170.85
120.433 346.028 793.456 7362.22
120.539 310.679 731.576 6519.52
120.649 199.712 787.566 2733.59
120.742 112.165 425.459 1339.82
120.839 510.152 1333.85 10268.6
120.937 1128.2 3142.99 3142.99
121.039 417.723 1195.06 9330.54
121.142 409.201 1167.18 9206.14
121.247 1137.05 3004.69 3004.69
121.345 140.265 393.027 953.618
121.502 689.684 1517.97 10114
121.546 682.41 1500.11 10047
121.703 677.2 1487.43 9997.67
121.747 673.908 1479.54 9965.33
121.857 155.146 604.278 1977.74
121.956 1012.1 2529.66 2529.66
122.058 892.356 343.721 2264.11
122.157 794.525 379.025 2005.22
122.259 1526.55 2636.77 16519.8
122.359 139.734 527.29 1871.2
122.462 162.548 600.227 1825.79
122.756 1606.97 3132.47 20011.2
122.798 9719.01 238.421 47663.9
122.826 229.09 229.09 38843.9
122.865 1720.64 3877.53 24745.2
122.962 1731.35 3904.18 24836.9
123.062 1739.62 3924.57 24905.1
123.161 1746.33 3943.08 24965.7
123.266 1751.42 3957.21 25011.8
123.365 1754.59 3963.99 25036.1
123.467 1747.91 3865.53 23986.3
123.565 1748.45 3860.95 23976.1
123.665 1748.19 3852.75 23953.6
123.769 1747.11 3840.87 23922.7
123.87 1745.9 3826.78 23884.5
123.972 1744.57 3810.54 23840.9
124.173 1713.79 3427.66 22036.1
124.201 1715.12 3419.41 22017.5
124.271 1719.1 3415.81 22018.4
124.374 1684.18 3303.84 21191.1
124.552 1676.79 3119.05 19561.7
124.58 1687.14 3106.58 19557.4
124.737 183.595 662.205 1780.53
124.782 1711.25 3074.34 19183.1
124.877 1730.43 3069.83 19215.5
124.98 1752.37 3067.75 19258
125.078 1777.1 3068.42 19312
125.23 1804.97 3074.23 19384.6
125.281 1835.79 3083.76 19472.2
125.383 1862.65 3087.22 19086.8
125.49 1897.5 3097.49 19177.7
125.591 54.126 392.09 699.945
125.683 1979.66 3131.76 19861.2
125.789 2018.71 3148.15 19971.4
125.888 2057.83 3165.94 20083.5
126.142 2096.51 3184.89 20194.4
126.192 2133.7 3204.14 20302.5
126.219 2153.19 3029.87 19088.6
126.291 292.571 497.649 2300.63
126.391 2217.42 3074.41 19690.9
126.491 2241.83 3092.07 19767
126.592 2262.6 3109.08 19835.2
126.692 2279.99 3125.42 19896.5
126.799 2293.94 3140.63 19949.5
126.895 2304.75 3154.96 19994.1
127.005 247.189 507.955 2158.13
127.302 167.572 1039.97 3494.73
127.337 98.2965 400.073 1310.72
127.368 1289.15 260.167 4727.65
127.404 2464.65 4118.72 25940.7
127.502 2459.28 4127.84 25952.4
127.661 2453.19 4136.76 25960.7
127.757 2446.37 4144.41 25963.8
127.861 2439.56 4151.31 25965.5
127.908 2432.65 4156.71 25965
128.01 2426.1 4160.92 25960
128.111 2420.45 4164.84 25956.9
128.207 2415.67 4168.54 25955
128.314 2411.96 4171.98 25955.1
128.411 2409.74 4174.53 25956.3
128.513 2408.83 4175.83 25956.7
128.61 2409.05 4176.13 25958
128.713 2410.41 4175.93 25959.8
128.815 2412.83 4175.43 25962.7
128.916 2416.11 4174.36 25966.7
129.071 2420.02 4172.46 25971.5
129.123 2424.61 4170.14 25976.2
129.22 2429.72 4167.29 25981.5
129.322 2435.36 4164.05 25986.4
129.419 2441.08 4159.74 25989
129.52 2446.77 4154.67 25990.1
129.622 2452.26 4149.02 25989.2
129.731 2457.32 4143 25988.6
129.826 2461.79 4136.5 25985.6
129.983 2465.77 4129.81 25980.4
130.035 2468.36 4121.91 25970.8
130.183 2470.3 4114.01 25960
130.229 2471.36 4105.92 25946.5
130.33 2470.78 4096.67 25929.6
130.429 2468.77 4086.72 25907.2
130.532 2465.46 4076.14 25881
130.634 2460.53 4064.25 25847.4
130.734 2454.38 4051.91 25812.5
130.933 2447.4 4039.38 25773.2
130.959 2439.58 4026.5 25730.6
131.036 2430.97 4013.36 25685.9
131.14 2421.98 4000.55 25641.8
131.237 2412.04 3986.69 25592.4
131.338 2400.63 3970.88 25538.8
131.444 2387.72 3953.15 25476.1
131.536 2373.88 3934.22 25409.9
131.637 2359.3 3914.1 25337.1
131.792 2344.17 3893.05 25261.6
131.841 2328.5 3870.83 25182.3
132.097 2295.61 3717.08 23979.3
132.123 2279.61 3693.54 23897.7
132.151 2263.63 3669.83 23815.8
132.245 2247.34 3644.57 23729.4
132.353 2229.81 3616.79 23639.4
132.505 2211.67 3587.21 23541
132.547 2192.98 3556.21 23438
132.651 2174.06 3523.99 23329.3
132.804 2154.96 3491.31 23220
132.951 2135.89 3458.24 23108.6
132.978 2116.76 3424.72 22996.2
133.057 2097.75 3390.82 22880.9
133.158 2079.07 3357.38 22768.5
133.254 2060.23 3322.98 22649.8
133.353 2039.96 3286.08 22531.9
133.46 2018.65 3247.17 22401.4
133.613 1996.84 3207.24 22265.7
133.658 1974.79 3166.92 22125.9
133.761 1952.57 3126.56 21986
133.873 1929.9 3085.78 21842.5
134.016 1907.42 3045.54 21698.7
134.064 1847 2697.64 19910.6
134.165 846.598 389.214 2537.82
134.268 1841.46 2928.62 21278.2
134.367 1817.88 2887.23 21132.1
134.471 597.636 387.932 1971.82
134.573 2087.66 3155.03 23131.3
134.669 2056.25 3105.65 22941.3
134.766 2017.54 2951.79 21812.4
134.869 1986.17 2904.01 21627.5
134.969 1955.11 2856.85 21442.8
135.072 1562.35 245.402 4900.53
135.174 1889.75 2752.33 20690.5
135.275 1859.93 2707.45 20510.9
135.384 223.257 1320.42 4059.05
135.479 1804.22 2711.33 21012.6
135.579 1777.59 2672.3 20837.2
135.814 1745.6 2541.6 19813.6
135.915 1717.42 2498.01 19650.7
136.023 1684.32 2445.13 19460.2
136.277 1640.61 2371.19 19201.3
136.306 1582.66 2275.41 18853.2
136.372 1511.23 2159.66 18377.3
136.427 1412.81 1889.95 16537.9
136.532 552.537 386.948 1800.82
136.628 1384.88 1954.37 16662.4
136.725 1124.05 1517.35 13966.6
136.877 1146.47 1557.19 13906.6
136.937 1195.01 1628.7 14307.7
137.084 1265.05 1730.82 14844
137.185 1296.84 1739.99 14209
137.237 1410.09 1902.53 14933.5
137.332 1556.54 2114.53 15791.1
137.432 1700.45 2354.14 16605.5
137.537 223.745 492.226 1609.34
137.634 3267.48 2696.64 17593.2
137.732 3378.41 2587.22 16874.7
137.832 1661.01 1975.27 15582.9
137.988 798.12 2462.87 14203.4
138.034 648.284 2112.74 12522.6
138.198 678.281 2417.3 13311.8
138.24 701.568 2818.64 13222
138.352 769.799 3300.45 14404.5
138.452 776.835 3569.76 14623.5
138.548 664.227 2483.23 9077.2
138.648 96.5128 402.312 959.972
138.745 7341.22 26402.8 84182.2
139.028 551.189 2901.28 14949.3
139.074 379.064 1149.15 10237.3
139.167 366.537 1116.79 9838.32
139.267 57.1504 395.553 687.702
139.367 197.929 590.812 3384.44
139.487 170.797 545.689 2301.49
139.627 56.653 427.248 1238.3
139.729 54.3985 422.578 1188.32
139.785 44.2702 397.846 816.632
139.879 42.2242 396.297 783.855
139.976 354.309 420.046 1775.84
140.125 87.6741 387.459 1272.76
140.177 3471.75 923.654 7809.01
140.275 3471.75 923.654 7809.01
140.43 1783.91 477.844 3729.4
140.788 1508.62 501.745 3537.65
140.808 1777.65 387.014 4949.37
140.834 1842.52 366.554 3392.23
140.868 298.043 514.735 1398.59
140.946 1773.75 363.317 3055.17
141.001 252.703 413.947 1167.97
141.192 48.0471 386.492 563.448
141.257 313.337 576.691 1571.16
141.345 280.642 438.247 1173.22
141.436 314.741 545.126 1460.79
141.544 211.352 440.391 959.584
141.639 245.883 508.551 1165.27
141.738 2560.97 385.573 2147.64
141.838 29.1063 378.4 453.375
141.987 42.4096 378.807 488.406
142.141 225.437 532.773 1343.51
142.165 2714.15 383.717 1837.69
