Time State
8.35429 0
8.45688 0
8.55282 0
8.75429 0
8.81243 0
8.9039 0
8.95885 0
9.05935 0
9.1575 0
9.26274 0
9.41211 0
9.46298 0
9.56059 0
9.66339 0
9.81397 0
9.86534 0
9.96559 0
10.0664 0
10.1747 0
10.367 0
10.3735 0
10.522 0
10.6196 0
10.6742 0
10.87 0
10.9257 0
10.9734 0
11.0743 0
11.1744 0
11.2755 0
11.3744 0
11.4777 0
11.5791 0
11.6812 0
11.7796 0
11.8892 0
11.9821 0
12.081 0
12.1839 0
12.2827 0
12.3825 0
12.4857 0
12.5842 0
12.6858 0
12.786 0
12.9403 0
12.9912 0
13.0888 0
13.1897 0
13.342 0
13.3905 0
13.4934 0
13.5928 0
13.6925 0
13.9002 0
13.9068 0
13.9982 0
14.0959 0
14.198 0
14.2994 0
14.3993 0
14.5015 0
14.6013 0
14.7002 0
14.8503 0
14.9558 0
15.0043 0
15.1067 0
15.2095 0
15.3069 0
15.414 0
15.5145 0
15.7411 0
15.9196 0
15.9542 0
16.7033 0
16.7486 0
16.7591 0
16.7701 0
16.7834 0
16.8011 0
16.8108 0
16.9938 0
17.0037 0
17.0873 0
17.2293 0
17.3625 0
17.4135 0
17.5098 0
17.609 0
17.7102 0
17.813 0
18.1158 0
18.1256 0
18.1343 0
18.2138 0
18.3187 0
18.4134 0
18.515 0
18.6157 0
18.7164 0
18.816 0
18.9162 0
19.0202 0
19.1177 0
19.2731 0
19.3213 0
19.4701 0
19.524 0
19.6242 0
19.7248 0
19.827 0
19.9237 0
20.0292 0
20.129 0
20.2304 0
20.336 0
20.587 0
20.5989 0
20.6383 0
20.7392 0
20.8326 0
20.932 0
21.0873 0
21.1339 0
21.234 0
21.3409 0
21.4861 0
21.5389 0
21.6374 0
21.79 0
21.9388 0
21.9463 0
22.0434 0
22.1444 0
22.245 0
22.3958 0
22.446 0
22.5526 0
22.6465 0
22.7455 0
22.8475 0
22.9503 0
23.0487 0
23.1527 0
23.2505 0
23.3515 0
23.505 0
23.6042 0
23.6589 0
23.8087 0
23.8599 0
23.9596 0
24.063 0
24.1615 0
24.3213 0
24.3642 0
24.4676 0
24.5648 0
24.7243 0
24.772 0
24.8683 0
25.021 0
25.1164 0
25.2255 0
25.2732 0
25.3738 0
25.6714 0
25.6821 0
25.6903 0
25.7755 0
25.8745 0
25.9763 0
26.1331 0
26.2267 0
26.3292 0
26.3823 0
26.534 0
26.5804 0
26.7309 0
26.8301 0
27.1339 0
27.142 0
27.1514 0
27.1886 0
27.291 0
27.3882 0
27.4902 0
27.5962 0
27.7457 0
27.7915 0
27.8934 0
27.9928 0
28.094 0
28.241 0
28.3015 0
28.4003 0
28.5077 0
28.6438 0
28.6989 0
28.7998 0
28.8995 0
29.0013 2
29.1118 3
29.2094 3
29.3623 3
29.6038 3
29.6605 3
29.7593 3
29.8602 3
29.9633 1
30.0631 3
30.1644 3
30.2646 3
30.3754 3
30.4735 3
30.5671 3
30.6687 3
30.8273 3
30.8721 3
30.9729 3
31.0741 3
31.1751 3
31.2754 3
31.3777 3
31.4791 3
31.5803 3
31.6777 1
31.7833 0
31.9304 0
32.0338 0
32.0868 2
32.1889 3
32.2845 1
32.3865 0
32.5908 0
32.6007 0
32.6886 0
32.8396 0
32.8909 0
32.9912 0
33.0927 0
33.1921 0
33.3455 0
33.398 0
33.495 0
33.5984 0
33.6978 0
33.8017 0
33.8992 0
34.0042 0
34.1503 0
34.2063 2
34.3071 0
34.4074 0
34.6584 0
34.6745 0
34.7573 0
34.8091 0
34.958 0
35.0101 0
35.1105 0
35.2128 2
35.3139 0
35.5144 0
35.5277 0
35.6675 2
35.7222 0
35.8181 2
35.9199 3
36.0227 3
36.118 1
36.2218 0
36.3231 0
36.421 0
36.5223 0
36.7786 0
36.7883 0
36.8295 0
36.927 0
37.0283 0
37.1341 2
37.2325 0
37.3857 2
37.4306 0
37.5312 0
37.631 0
37.7314 0
37.8468 0
37.9888 2
38.0357 0
38.1406 0
38.2455 0
38.4008 0
38.4467 0
38.7064 0
38.7991 0
38.8997 2
39.0498 0
39.1056 0
39.1998 0
39.3045 2
39.4049 0
39.5058 0
39.6058 0
39.7072 0
39.9592 0
39.9742 0
40.0162 0
40.1131 0
40.2119 0
40.3189 0
40.4143 0
40.5173 0
40.6179 0
40.7203 0
40.8195 0
40.9716 0
41.0211 0
41.1219 0
41.2204 0
41.3194 2
41.4689 0
41.5228 2
41.7744 0
41.7849 2
41.9252 0
41.9802 0
42.0249 0
42.1312 2
42.2292 0
42.3292 2
42.4834 0
42.532 2
42.9331 3
42.9475 3
42.9605 3
42.9753 1
43.0378 3
43.1401 1
43.2405 3
43.3426 3
43.4424 3
43.5411 1
43.6983 0
43.7546 2
43.8936 0
43.948 0
44.0487 0
44.1475 0
44.2557 0
44.4069 0
44.5059 0
44.6105 0
44.6594 0
44.7578 0
44.8601 0
45.0069 0
45.0603 0
45.1582 0
45.2607 0
45.3571 0
45.4593 2
45.5645 0
45.7132 0
45.8103 0
45.867 0
45.9639 0
46.0651 2
46.1656 0
46.2647 0
46.5268 2
46.5425 2
46.6192 3
46.6735 3
46.8763 1
46.8933 3
46.9784 1
47.0764 0
47.1774 0
47.2737 0
47.3812 2
47.5243 0
47.5779 2
47.6772 0
47.7797 2
47.8792 0
47.9867 0
48.0824 0
48.1824 0
48.2838 2
48.3838 0
48.4863 0
48.6842 0
48.6942 0
48.8365 0
49.0927 2
49.1039 0
49.1151 0
49.1939 0
49.2916 0
49.3978 0
49.5415 0
49.5962 0
49.7515 0
49.7988 0
49.8954 0
49.9988 0
50.0986 0
50.1986 0
50.3 0
50.4016 0
50.5011 0
50.6071 0
50.7068 0
50.8029 0
50.9552 0
51.0089 0
51.1556 0
51.4673 0
51.4807 0
51.491 0
51.5166 0
51.6132 0
51.7135 0
51.8176 0
51.9141 0
52.0148 0
52.1159 0
52.217 0
52.3178 0
52.4193 0
52.5256 0
52.6212 0
52.7223 0
52.8742 0
52.9783 0
53.0259 0
53.1255 0
53.2248 0
53.3272 0
53.4284 0
53.5299 0
53.6343 0
53.7313 0
53.9317 0
54.085 0
54.0964 0
54.1345 0
54.2365 0
54.3358 0
54.4377 0
54.5408 0
54.6386 0
54.7392 0
54.8403 0
54.9405 0
55.0426 0
55.1421 0
55.2423 0
55.3923 0
55.4957 0
55.5975 0
55.6484 0
55.8487 0
55.8592 0
55.9509 0
56.0524 0
56.1532 0
56.2536 0
56.3543 0
56.5063 0
56.6558 0
56.6649 0
56.7562 0
56.9143 2
56.9617 0
57.0602 0
57.168 2
57.266 3
57.5104 3
57.6064 1
57.7081 3
58.0105 1
58.0236 1
58.0356 1
58.116 0
58.2115 0
58.3134 0
58.4189 0
58.5178 2
58.7674 0
58.9178 0
58.9297 0
58.9428 0
59.0198 0
59.1208 0
59.2204 0
59.3285 2
59.5257 3
59.5387 1
59.6277 3
59.7273 1
59.8397 3
59.936 3
60.0397 3
60.1355 3
60.2421 3
60.3412 1
60.5016 0
60.5435 0
60.6383 2
60.7389 0
60.84 0
60.9454 0
61.0486 0
61.1482 0
61.2406 0
61.3423 0
61.4458 0
61.5462 0
61.6475 0
61.7478 0
61.8489 0
61.948 0
62.0492 0
62.1501 0
62.2522 0
62.3526 0
62.456 0
62.5567 0
62.6581 0
62.7558 0
62.8581 0
63.0107 0
63.0635 0
63.1565 0
63.2578 0
63.3629 0
63.4644 2
63.6164 0
63.7282 0
63.8216 0
63.9222 0
63.9695 0
64.0678 0
64.1674 0
64.2673 0
64.37 0
64.5263 2
64.5749 0
64.6715 0
64.7766 0
64.8746 2
65.0244 3
65.0771 1
65.1761 0
65.2751 0
65.3818 2
65.639 3
65.9347 1
65.9532 3
65.9744 1
65.996 1
66.0406 0
66.0855 0
66.3213 0
66.5234 0
66.5327 0
66.6222 0
66.7727 0
66.8293 2
66.9299 0
67.0263 0
67.1259 0
67.2308 0
67.3277 0
67.4289 0
67.5291 0
67.7282 0
67.7376 0
68.1972 0
68.219 0
68.2344 0
68.2484 0
68.2587 0
68.3493 0
68.4484 0
68.555 0
68.6545 0
68.8073 0
68.9124 2
68.9579 0
69.0589 2
69.1594 3
69.2608 1
69.3599 0
69.5156 2
69.6148 3
69.659 1
69.7656 0
69.8727 0
69.9718 2
70.0736 3
70.1692 3
70.2788 3
70.3787 3
70.4733 3
70.5779 3
70.6774 3
70.7889 3
70.8827 3
70.9822 3
71.0758 1
71.1786 0
71.2784 2
71.3788 0
71.4869 0
71.5807 0
71.8383 0
71.8587 0
72.0433 0
72.2901 0
72.307 0
72.3273 0
72.3545 2
72.3889 0
72.5442 0
72.6381 0
72.738 0
72.7985 2
72.8987 0
72.9962 2
73.0994 3
73.1994 3
73.299 3
73.4002 3
73.5057 3
73.6017 3
73.7028 3
73.7975 3
73.8992 3
73.9992 3
74.1073 3
74.206 3
74.3056 3
74.4028 3
74.5028 3
74.6052 3
74.7606 3
74.8105 3
75.0599 3
75.0795 3
75.1156 3
75.2151 3
75.3119 3
75.4186 3
75.5157 3
75.7197 3
75.7375 1
75.9178 0
75.9771 0
76.0195 0
76.1221 0
76.2217 0
76.3215 0
76.4206 0
76.5722 0
76.6281 0
76.7818 0
76.8271 0
77.0245 0
77.041 0
77.1283 0
77.2292 0
77.3292 0
77.5303 0
77.5451 0
77.6403 0
77.836 0
77.8524 0
78.0915 0
78.1089 0
78.1378 0
78.2369 0
78.3389 0
78.4412 0
78.5415 0
78.6424 0
78.7401 0
78.8509 0
78.9449 0
79.0425 0
79.1455 0
79.2472 0
79.3467 0
79.4477 0
79.5515 0
79.7024 0
79.7516 0
79.9069 0
80.0568 0
80.113 0
80.1574 0
80.2558 0
80.3563 0
80.4593 0
80.557 0
80.6598 0
80.7602 0
80.8602 0
81.0119 0
81.0649 0
81.1647 0
81.2667 0
81.3667 0
81.468 0
81.5693 0
81.6714 0
81.7686 0
81.923 0
81.9748 0
82.0718 0
82.1721 0
82.2744 0
82.379 0
82.4746 0
82.7309 0
82.7496 0
82.8792 0
82.9822 2
83.0003 2
83.0821 0
83.1818 0
83.2914 0
83.387 0
83.6299 0
83.7291 0
83.8351 2
83.9938 0
84.0863 0
84.1402 0
84.3499 0
84.3721 2
84.4956 0
84.5466 2
84.6425 0
84.7976 0
84.8496 0
84.9503 0
85.1002 0
85.1514 0
85.25 0
85.3489 0
85.4517 0
85.7058 0
85.7258 0
85.9514 0
85.9719 0
85.9961 0
86.0594 0
86.1599 0
86.2568 0
86.3581 0
86.4654 0
86.8645 0
86.8846 0
86.9071 0
86.9303 0
86.9694 0
87.0684 0
87.17 0
87.2752 0
87.3716 0
87.6257 0
87.6433 0
87.6744 0
87.9209 0
87.9417 0
87.9809 0
88.2246 0
88.2445 0
88.279 2
88.3764 0
88.4805 0
88.6814 2
88.7019 0
88.8421 0
88.8875 2
89.0354 0
89.0903 2
89.1878 3
89.293 3
89.3904 3
89.5389 3
89.6394 1
89.6929 0
89.7935 2
89.8972 3
89.9955 1
90.0953 0
90.1959 2
90.3029 3
90.4012 1
90.5529 0
90.609 0
90.7054 2
90.8002 0
90.9058 2
91.0064 0
91.1045 0
91.2044 0
91.3056 2
91.4071 3
91.5084 3
91.6057 3
91.7102 3
91.8126 3
91.9129 3
92.0102 1
92.1149 0
92.2224 2
92.4832 3
92.5853 3
92.6829 3
92.7874 3
92.9856 3
93.0009 3
93.1453 3
93.1912 3
93.2975 3
93.395 3
93.5058 3
93.592 1
93.699 3
93.8046 3
93.9003 3
94.0014 3
94.1092 3
94.2041 3
94.305 3
94.4067 3
94.5095 3
94.6089 3
94.8084 3
94.8252 1
94.9074 0
95.0089 0
95.1101 2
95.2079 0
95.3099 2
95.416 3
95.5201 3
95.7229 3
95.7453 1
95.8647 3
95.926 3
96.2719 3
96.2933 3
96.3204 3
96.3776 3
96.4837 3
96.5306 3
96.6307 3
96.7313 3
96.8372 3
96.9333 3
97.0345 3
97.1853 1
97.2359 0
97.3333 0
97.4378 0
97.5375 2
97.8381 0
97.8631 2
97.8906 0
97.9438 0
98.1418 0
98.2984 0
98.5467 0
98.5698 0
98.5996 0
98.6274 0
98.6955 0
98.8007 0
98.8503 0
98.9492 0
99.0448 0
99.1487 0
99.2511 0
99.35 0
99.4538 0
99.5495 0
99.7016 0
99.8015 0
99.9631 2
99.9896 2
100.057 0
100.158 2
100.262 0
100.359 0
100.457 0
100.557 0
100.719 0
100.762 0
100.96 0
101.164 0
101.194 2
101.226 2
101.269 0
101.373 0
101.525 2
101.587 3
101.729 3
101.875 1
101.901 1
102.03 3
102.083 1
102.181 0
102.28 0
102.385 0
102.482 0
102.638 0
102.685 0
102.782 0
102.883 0
102.984 0
103.087 0
103.187 0
103.289 0
103.389 0
103.492 0
103.597 0
103.742 0
103.793 0
103.891 0
104.052 0
104.102 0
104.2 0
104.303 0
104.399 0
104.499 0
104.699 0
104.725 0
104.802 0
104.904 0
105.001 0
105.107 0
105.204 0
105.308 0
105.409 0
105.562 0
105.611 0
105.76 0
105.811 0
106.063 0
106.092 0
106.119 0
106.212 0
106.315 0
106.415 0
106.515 0
106.671 0
106.77 0
106.824 0
106.923 0
107.023 0
107.123 0
107.225 0
107.325 0
107.423 0
107.526 0
107.627 0
107.779 0
107.83 0
107.932 0
108.033 0
108.134 0
108.236 0
108.337 0
108.44 0
108.594 0
108.646 0
108.737 2
108.843 3
108.993 1
109.101 3
109.152 3
109.398 1
109.554 0
109.602 2
109.699 0
109.803 0
109.902 0
110.003 0
110.103 0
110.202 0
110.308 0
110.406 0
110.51 0
110.619 0
110.761 0
110.82 2
110.916 3
111.019 1
111.12 0
111.222 0
111.319 0
111.417 0
111.573 0
111.62 0
111.723 0
111.82 0
111.922 0
112.026 0
112.128 0
112.23 0
112.332 0
112.427 0
112.579 0
112.78 0
112.813 0
112.839 0
112.982 0
113.084 0
113.137 0
113.29 0
113.338 0
113.439 0
113.586 0
113.685 0
113.743 0
113.84 0
113.941 0
114.04 0
114.146 0
114.291 0
114.344 0
114.45 2
114.605 0
114.646 0
114.751 0
114.849 0
114.951 0
115.048 0
115.156 0
115.254 2
115.352 0
115.454 0
115.606 2
115.714 3
115.756 1
115.862 3
115.957 1
116.062 0
116.162 0
116.26 0
116.366 0
116.463 0
116.565 2
116.713 0
116.825 2
116.872 2
117.018 0
117.081 2
117.169 0
117.27 2
117.376 0
117.467 0
117.566 0
117.672 0
117.772 0
118.106 0
118.128 0
118.209 0
118.315 2
118.466 0
118.517 0
118.616 0
118.717 0
118.822 2
118.922 0
119.02 0
119.129 2
119.223 0
119.328 0
119.425 0
119.527 0
119.63 2
119.727 0
119.83 0
119.943 0
120.096 0
120.146 0
120.231 0
120.335 0
120.433 2
120.539 3
120.649 3
120.742 3
120.839 3
120.938 1
121.039 3
121.142 3
121.247 1
121.345 3
121.502 3
121.546 3
121.703 3
121.747 3
121.857 3
121.957 1
122.059 3
122.157 3
122.259 1
122.359 3
122.462 3
122.756 1
122.799 3
122.827 3
122.865 1
122.962 0
123.062 0
123.162 0
123.267 0
123.365 0
123.467 0
123.565 0
123.666 0
123.769 0
123.87 0
123.972 0
124.173 0
124.201 0
124.271 0
124.375 0
124.552 0
124.581 0
124.737 2
124.782 0
124.877 0
124.98 0
125.078 0
125.23 0
125.281 0
125.384 0
125.49 0
125.591 2
125.683 0
125.79 0
125.888 0
126.142 0
126.192 0
126.219 0
126.291 2
126.391 0
126.491 0
126.593 0
126.692 0
126.799 0
126.895 0
127.005 2
127.302 3
127.337 3
127.368 3
127.405 1
127.502 0
127.661 0
127.757 0
127.861 0
127.909 0
128.01 0
128.111 0
128.207 0
128.314 0
128.411 0
128.513 0
128.61 0
128.713 0
128.815 0
128.916 0
129.071 0
129.123 0
129.22 0
129.322 0
129.419 0
129.52 0
129.622 0
129.731 0
129.827 0
129.983 0
130.035 0
130.183 0
130.229 0
130.33 0
130.429 0
130.532 0
130.634 0
130.734 0
130.933 0
130.959 0
131.036 0
131.14 0
131.237 0
131.338 0
131.444 0
131.536 0
131.637 0
131.792 0
131.841 0
132.098 0
132.123 0
132.151 0
132.245 0
132.353 0
132.505 0
132.547 0
132.652 0
132.804 0
132.951 0
132.978 0
133.057 0
133.158 0
133.254 0
133.353 0
133.46 0
133.613 0
133.658 0
133.761 0
133.873 0
134.016 0
134.064 0
134.165 0
134.268 0
134.367 0
134.471 0
134.574 0
134.669 0
134.767 0
134.869 0
134.969 0
135.072 2
135.174 0
135.276 0
135.384 2
135.479 0
135.579 0
135.814 0
135.915 0
136.023 0
136.277 0
136.306 0
136.372 0
136.427 0
136.532 0
136.628 0
136.725 0
136.877 0
136.937 0
137.084 0
137.185 0
137.237 0
137.332 0
137.432 0
137.537 2
137.634 0
137.732 0
137.832 0
137.988 0
138.034 0
138.198 0
138.24 0
138.352 0
138.452 0
138.549 0
138.648 2
138.745 0
139.028 0
139.075 0
139.167 0
139.267 2
139.367 3
139.487 3
139.627 3
139.73 3
139.785 3
139.879 3
139.977 3
140.125 3
140.177 1
140.275 3
140.43 3
140.788 3
140.808 3
140.834 3
140.869 3
140.946 3
141.002 3
141.192 3
141.258 3
141.345 3
141.436 3
141.544 3
141.639 3
141.738 3
141.838 3
141.988 3
142.141 3
142.165 3
