Time LX LY LZ
8.43063 1.4462e+07 1.4462e+07 1.4462e+07
8.58437 367.984 720.616 2779.35
8.63362 5409.12 1686.42 11803.8
8.73538 5472.47 1696.8 11959.5
8.83405 5537.6 1710.19 12073.8
8.93845 5000.88 1572.92 11537.1
9.03728 5049.17 1586.12 11597
9.13884 5092.46 1600.01 11657.5
9.23848 5130.95 1615.23 11723.4
9.40538 5161.84 1630.38 11791.4
9.4961 5186.58 1645.52 11861.6
9.54866 5203.36 1660.16 11933
9.64936 5216.12 1674.93 12010.4
9.75998 5228.78 1690.55 12099.6
9.84801 366.719 671.027 2629.34
9.95523 367.748 400.6 379.593
10.1003 5976.88 2386.11 13402.5
10.1612 377.095 551.428 1391.57
10.2534 375.974 456.57 718.029
10.3558 372.873 490.924 995.974
10.4562 377.22 470.86 784.766
10.5607 381.671 626.61 2018.55
10.6618 380.294 621.311 2116.53
10.7597 7324.98 2803.12 14954.3
10.858 380.208 682.411 2484.94
10.9642 379.526 633.563 2222.51
11.0689 378.204 543.248 1410.68
11.1637 383.686 629.208 2125.38
11.2623 13847.4 3720.28 19497
11.4269 13892.4 3730.05 19590.5
11.4679 13941.5 3741.17 19675.2
11.5706 382.817 595.598 1872.52
11.6691 383.859 438.121 564.239
11.7703 12858.9 3720.15 18900.1
11.9239 12902 3729.18 18942.7
11.9727 384.596 480.055 829.586
12.0738 384.117 473.047 789.105
12.2308 13298 4013.18 19187.8
12.3275 13354.2 4027.02 19239.1
12.3832 13427.5 4043.88 19301.8
12.4838 13453.9 3956.02 19330.3
12.5795 386.839 632.536 2178.57
12.7455 388.44 507.69 984.692
12.7894 389.394 536.558 1184.91
12.8897 389.397 658.485 2285.6
12.9874 387.758 577.377 1560.11
13.1483 390.695 688.051 3124.41
13.1895 390.929 689.841 3150.3
13.3934 391.155 691.672 3175.22
13.5939 391.372 693.351 3197.71
13.6065 391.579 694.96 3217.84
13.6223 391.776 696.602 3236.02
13.8488 391.961 698.206 3252.22
13.8592 392.134 699.8 3266.71
13.946 392.297 701.118 3278.99
14.1001 392.449 702.353 3289.27
14.1103 392.592 703.731 3298.56
14.2024 20517.3 4720.65 21906.9
14.4056 20587.7 4731.21 21944
14.4201 20659.7 4742.08 21984
14.5033 20728.8 4752.83 22025.4
14.6625 20795.4 4763.22 22067.1
14.7057 20859.9 4773.2 22107.7
14.8025 20923.9 4783.07 22148.1
14.9046 20987.7 4793.22 22190.4
15.1788 21055.9 4804.01 22235.6
15.2099 21132.8 4816.33 22288.6
15.2431 20460.7 4713.68 21864.3
15.5545 20555.6 4727.11 21916.5
15.8684 20657.1 4741.34 21971.6
16.1545 20761.3 4756.04 22028.1
16.4367 20863.7 4770.32 22083.3
16.5423 20968.3 4784.44 22137.9
16.5749 21075.4 4799.12 22194.3
16.73 21237 4820.89 22276.4
16.7449 21297.1 4829.07 22310.6
16.7631 21416.9 4844.79 22370.8
16.7809 21541.8 4861.25 22433.8
16.7957 21678.2 4878.85 22500.4
16.8263 21821.7 4897.18 22569
16.968 21971.8 4916.31 22640.1
16.9785 22132.9 4936.93 22716.3
17.01 22301.6 4958.58 22795.9
17.1042 22481.3 4981.61 22880.3
17.2268 22668.6 5005.79 22968.6
17.5215 22868.7 5031.62 23062.8
17.5348 23089.5 5060.3 23169.8
17.6211 23362.7 5093.61 23273.9
17.6762 23647.9 5130.73 23410.5
17.7685 23964.2 5171.04 23555.4
17.8714 24312.4 5214.98 23712.5
17.974 24686.5 5261.93 23879.7
18.1244 25089 5312.05 24057.7
18.2764 22764.1 5204.74 24025.7
18.3762 23146.6 5258.02 24250.1
18.3874 23543.7 5314.56 24501.4
18.4813 23033.4 5249.57 24294.9
18.5792 23528.8 5313.78 24547.1
18.7316 24016.3 5022.87 24676
18.7918 24527.3 5090 25010.5
18.89 25454.5 5160.21 24977.4
18.9858 26027.2 5233.27 25346.1
19.0988 26674.6 5308.52 25677.9
19.2415 27377.8 5386.93 26006.3
19.3939 28123.4 5468.01 26337.9
19.4493 28911.5 5551.73 26678
19.6549 29765.8 5640.16 27033.7
19.6695 30583.8 5688.06 27412.1
19.7123 31602.4 5789.65 27820.1
19.8041 31959.1 5860.09 28189.7
19.9054 29292.4 5662.14 26991.7
20.0095 29638.8 5687.15 27411.5
20.2658 30484.8 5782.96 27847.6
20.3783 31316.8 5874.6 28247.6
20.3964 391.556 838.402 3159.3
20.5246 33717.3 6077.46 29643.3
20.5428 391.277 782.059 2765.9
20.6268 33057.9 5955.64 29890.8
20.782 33700.7 6012.44 30145.8
20.8391 391.333 844.861 3407.69
20.9263 37268.4 6239.64 31227.7
21.0344 37831.7 6285.8 31439.7
21.1306 38353.5 6328.15 31635.2
21.2382 38865.3 6369.22 31825.6
21.3341 39334.3 6406.29 31999.3
21.4875 39767.6 6440.47 32159.3
21.5373 390.69 895.783 3833.59
21.6367 43358.4 6696.67 33160.6
21.7387 43961.6 6745.62 33374.9
21.8468 44630.2 6798.91 33610.9
21.9412 45370.8 6857.24 33868.9
22.043 46171.3 6920.11 34141.1
22.1451 47080.5 6990.19 34443.4
22.3049 48027 7062.36 34753.8
22.3504 43482.6 6918.15 33509.9
22.4533 44500 7001.17 33860.6
22.5592 45661.1 7099.42 34254.8
22.7588 39063.5 6524.05 31773.3
22.8055 40376.9 6634.21 32237.9
22.9018 41844 6755.21 32745.8
22.9557 43478.2 6887.85 33299.5
23.0565 38796.5 6295.07 31735.5
23.423 31331.9 5251.21 28134.5
23.4336 32696.4 5359.67 28668.1
23.4466 34170.7 5473.53 29226.5
23.4703 23867.2 4427.06 24592.4
23.5709 24900.7 4521.78 25054.9
23.772 393.35 717.148 1366.51
23.7822 390.897 935.134 2405.07
23.8711 19403.4 3828.57 21696
23.9699 20205.8 3929.11 22309.3
24.1185 23057.8 4035.64 20990
24.1712 23973.6 4147.55 21721.1
24.372 25069.2 4264.86 22392.3
24.3829 26318.9 4386.59 23017.4
24.4805 17948.2 3667.19 21377.3
24.5751 387.597 1086.78 3101.7
24.7347 20120.4 4001.03 23118.9
24.7862 389.224 977.043 2149.6
24.8854 17363.6 3751.04 23261.4
24.9804 386.716 1132.82 2848.97
25.1304 21476.8 4157.63 25527.3
25.287 22898.6 4304.1 26316.5
25.2975 388.556 958.929 1888.43
25.39 386.311 1138.48 2800.15
25.8475 30639.4 4733.4 28318.4
25.8579 386.941 1067.39 2253.93
25.8697 384.21 1230.95 2936.78
25.885 384.175 1215.24 2900.27
25.9062 40381.3 5376.31 33541.1
25.9982 387.116 952.527 1742.32
26.1523 48644.3 5677.61 35886.5
26.3044 53234.3 5945.26 37302.2
26.313 35187.1 4879.49 31962
26.6199 385.209 1166.78 2260.35
26.6295 32387.7 4611.17 30457.8
26.6449 25956.7 4131.12 27645.7
26.7215 28011 4279.66 28555.5
26.8114 28331.3 4189.16 29257.4
27.099 14011.5 3034.28 21823.8
27.1835 383.623 929.404 1587.36
27.3361 14878.4 3097.05 22461.8
27.3954 381.214 1070.22 2146.36
27.4935 14118.1 3113.18 22760.4
27.5895 14058.6 3102.32 22681.1
27.748 13892 3080.16 22518.6
27.7979 379.05 1240.67 2960.4
27.9008 379.082 1102.13 2363.31
27.9979 383.385 993.046 1635.08
28.1015 16050.6 3183.59 22853.8
28.2057 15775.8 3155.57 22688.8
28.3044 15547.1 3131.54 22552.1
28.408 15365 3111.59 22443.9
28.6082 15240.1 3096.93 22371.4
28.6191 15168.2 3087.16 22331.9
28.8151 15145.9 3082.16 22324
28.8263 15170 3081.65 22346.1
28.9101 15249.8 3086.48 22402.9
29.1123 15377.7 3096.02 22490.1
29.1227 15550.4 3109.99 22604
29.2181 15752.8 3127.05 22736.7
29.3689 15989 3147.47 22890.7
29.435 16257.9 3171.24 23063.8
29.5745 16548.1 3197.03 23250.1
29.632 16859.8 3224.84 23449.1
29.7761 17185.1 3254.02 23655
29.8931 17524.6 3284.6 23867.7
29.9343 17865.5 3315.3 24079.3
30.0338 18205.5 3346.03 24291.3
30.1318 18539.3 3376.46 24499.5
30.2391 18854.1 3405.83 24696.7
30.3326 19152.6 3434.12 24885.2
30.4936 19415.8 3459.83 25054.7
30.589 19660.3 3484.14 25214
30.696 19241.8 3424.43 25303.2
30.7441 19405.7 3440.43 25409
30.8447 378.613 1175.2 2533.09
30.9426 20635.4 3468.18 25846
31.0438 20694.6 3475.38 25887.9
31.1542 385.789 1485.04 3887.75
31.2467 21907.7 3703.84 26409.5
31.4511 21863 3698.08 26392.5
31.4606 377.48 1148.12 2575.19
31.5578 22525.6 3743.34 26535.7
31.7017 22401.5 3736.81 26485.4
31.7617 22259 3728.74 26427.5
31.8541 22105.4 3719.86 26365.2
31.9641 21949.8 3710.95 26302.1
32.1088 21774.5 3700.53 26230.2
32.2142 20571.2 3446.87 25650.9
32.2619 388.901 734.344 1017.56
32.4219 17694.9 3649.88 25049.3
32.4769 17545 3641.15 24972.3
32.5712 17400 3633.26 24899.1
32.7776 17261.5 3626.27 24830.9
32.7862 17129.9 3619.64 24765.6
32.8781 17009.4 3614.84 24710.5
32.9781 388.197 1071.56 2097.56
33.0831 16947.7 3631.92 24745.4
33.244 373.168 990.805 1901.76
33.3029 372.554 979.165 1878.04
33.4417 15616 3750.27 24236.5
33.4974 15462 3460.73 24145
33.6942 13442.5 3216.3 22479.5
33.7633 377.959 1916.58 7660.8
33.8087 16356.1 3499.93 25872.5
33.9029 16399.1 3501.11 25908.2
34.2051 16450.5 3510.67 25951.3
34.7154 390.999 835.492 1444.98
34.7308 380.886 1925.83 7709.92
34.7458 20127.4 4490.57 30212.6
34.7694 389.145 1260.05 2977.62
34.7809 20866.5 4521.89 31222.9
34.7916 21124.5 4552.78 31523.8
34.8682 21442.3 4591.12 31886.4
34.9729 21827.3 4637.39 32317.9
35.0734 382.209 1990.85 7642.03
35.1735 26168.4 4993.79 37454.2
35.3346 384.75 2183.02 7347.12
35.3764 31558.1 5387.57 44158.2
35.478 33663 5600.1 46658.8
35.6318 36242.8 5851.71 49841.7
35.9343 38651.7 6080.41 52525.9
35.9503 39873.5 6165.05 55675.7
35.9616 41797.1 6421.64 59661.6
35.991 32331.5 5849.11 47565.7
36.1028 32805.3 6152.78 50859.7
36.1948 20587 5643.88 33748.1
36.3046 23331.2 6118.94 36370.6
36.5938 18894.7 5281.43 30410.3
36.6061 16454.1 5681.29 31341.2
36.626 18194.3 5918.06 32187.4
36.6948 9518.36 6279.15 32637.3
36.7906 10663.2 6814.73 34734.8
36.9583 8600.32 5704.71 30618.6
37.0516 3362.71 7118.82 27222.3
37.3018 3614.75 7427.13 28471.9
37.3087 3852.06 7694.1 29595.7
37.3154 4067.86 4067.86 30592.1
37.5029 4253.9 4253.9 31443.3
37.5092 4406.9 4406.9 32133.7
37.656 4525.14 4525.14 32671.6
37.7101 8428.54 4606.4 33035.5
37.8039 8445.75 4653.27 33251.8
37.9079 8421.56 4667.59 33322.2
38.012 8361.28 4651.43 33260.3
38.1218 480.033 189.62 2499.02
38.2359 459.691 198.262 1986.42
38.3196 472.879 192.427 3231.58
38.6295 447.001 209.714 1327.59
38.6398 21109.8 99273.6 88664.3
38.7743 21315.7 98740.1 88320.9
38.8371 375.234 2319.89 6096.58
39.0827 23037.7 104956 95271.4
39.0948 23213.4 104551 95055.1
39.1066 327.229 1789.6 28669.2
39.1793 30774.6 125943 124175
39.2922 20680.2 100147 91848.9
39.3365 20942.6 99297.2 91197.5
39.5407 21298.8 98726.1 90461.8
39.5986 21763.7 98304.5 89588.5
39.6459 22339.4 97922.6 88574.5
39.7423 440.712 219.737 2667.9
39.8445 15748.6 84625.6 73748.8
39.9441 15904.2 84170.8 72680.8
40.0444 14743.9 75787.3 64231.3
40.1511 10998.8 63843.5 51958.9
40.3049 422.11 222.544 2119.82
40.3484 11158.2 52984.7 43710.7
40.4538 569.252 245.331 2685.14
40.658 469.822 272.078 2884.72
40.6697 472.184 271.77 4262.93
40.7593 13026.5 24971 33958.1
40.8514 12969.2 24990.7 33944.6
40.9736 493.326 187.549 3087.72
41.0585 387.101 521.063 568.827
41.1652 15877.3 29279.1 37406.5
41.2576 15786 29290.7 37403.9
41.6606 15707.6 29295.7 37412
41.6699 15637.5 29296.2 37423.1
41.6828 607.2 214.913 5271.84
42.0741 17920.1 30985.3 39856.7
42.0852 558.935 221.419 3574.4
42.0967 362.586 1903.93 5419.67
42.113 522.935 233.592 4089.91
42.1308 24435.2 76064 73888.2
42.1746 24360.4 76236.9 73896.6
42.3317 358.745 2153.87 6288.26
42.4261 24058.3 88147 80678.5
42.5813 24535.4 90623.4 83155.3
42.5915 359.864 2085.54 6181.56
42.6784 25211.6 102017 91455.3
42.7783 25211.3 101996 91416.7
42.8822 25221.6 101949 91381.5
42.9793 25241.2 101875 91343.7
43.0881 25269.9 101791 91315
43.1865 25307.5 101687 91290.3
43.2921 25347.3 101576 91270.9
43.3894 24919 98422.7 88437.4
43.5437 24962.8 98331.5 88439.1
43.595 25004.5 98241.9 88440
43.6981 25043.9 98153.2 88443.7
43.7923 25079.7 98064.1 88447.6
43.9004 25107.9 97997.9 88460.5
43.9981 25130.4 97946.6 88478.1
44.1009 25143.3 97923.5 88509.8
44.2529 25148 97922.7 88545.7
44.3075 25143.9 97946 88587.7
44.4035 25129.1 98007.1 88642.7
44.5092 25105.5 98105.8 88715.8
44.6069 25075.3 98231.9 88797.7
44.759 25037.6 98382.1 88885.4
44.8171 24990 98562.6 88980.4
44.9108 24934.1 98767.4 89077.2
45.0141 24871.2 98999.1 89179.3
45.2151 24804.6 99256.1 89290.3
45.2275 24735.8 99536.9 89407.7
45.4757 24665 99839.4 89532.3
45.5737 24588.3 100188 89674.8
45.5828 24507.7 100579 89833.9
45.6239 24425.6 101008 90010.9
45.7227 24343.6 101467 90201.5
45.8293 24261.7 101953 90402.8
45.9298 24182.8 102459 90616.3
46.033 24107.6 102976 90832.8
46.1342 24036.8 103509 91058.7
46.2926 23971.2 104054 91293.7
46.333 23909.5 104612 91534.9
46.4339 23849.9 105208 91793.7
46.6375 22565 78024.3 71178.9
46.6982 21818.3 61398 63523.8
46.7854 557.861 249.368 3094.21
46.8469 689.192 237.434 4192.68
46.9426 23242.4 67816.3 65585
47.0436 23144.5 68164 65842.5
47.1926 21683.5 52092.7 57889.7
47.2997 517.889 228.791 3707.97
47.5034 21861.3 53637.8 59362.9
47.5151 21751.4 54027.3 59478.5
47.6007 21646.7 54446.3 59609.1
47.714 21550.7 54902 59754.5
48.0022 21465.9 55389.8 59915.9
48.0175 21393.6 55908.9 60095.9
48.0359 18792 37493.2 50956.8
48.3588 13045.2 21329 36868.6
48.4601 12811.5 21400.4 36778.7
48.4716 12580.6 21482.7 36695.8
48.4825 12348.9 21576.2 36613.7
48.5035 369.452 1876.44 3855.91
48.5714 21069.3 53381.9 59903.8
48.7211 20981.6 53775.2 60026.7
48.7793 355.58 1817.4 3928.78
48.8753 23115.8 51213.4 58491
48.972 20288.9 42531.9 52527.8
49.0747 20246.9 42893.9 52646.5
49.1811 11564.2 34917.6 44520.8
49.2791 11330.7 35205.1 44599.9
49.4339 11104.7 35498.4 44693
49.4782 569.285 231.165 3760.72
49.6421 827.114 251.027 4545.59
49.7304 12042.9 39043.5 48572.5
50.0353 11784 39426.8 48793.2
50.048 11531.2 39832.3 49070.5
50.0591 11286.4 40254.1 49411.9
50.1825 11051.5 40684.9 49810.9
50.1928 10655.3 40988.2 50043.4
50.301 1137.31 257.268 6246.53
50.541 440.17 203.416 1589.87
50.5593 356.238 2312.65 4969.31
50.592 9481.3 25235 39885.3
50.6991 541.957 232.484 2547.32
50.8485 568.823 250.294 2715.19
50.8987 10798.1 5386.4 29837
50.9944 10387.4 5317.88 29437.1
51.2061 390.168 698.634 3785.78
51.2559 385.844 735.01 3884.63
51.3062 10177.4 5643.48 30283.4
51.455 9814.98 5568.13 29898
51.6052 9213.71 5445.7 28919
51.6217 449.03 212.3 1816.06
51.7102 484.322 247.367 1930.28
51.8173 9624.16 5557.89 30571.1
51.9121 1042.03 249.125 5037.23
52.0217 1501.48 277.621 6500.94
52.1167 11659.5 6109.25 33778.7
52.2238 826.701 290.64 3449.61
52.3183 11208.3 6061.71 33313.3
52.4238 10698.9 5959.4 32730.3
52.5229 1012.25 262.185 4311.02
52.6751 498.761 252.41 2481.13
52.9301 387.065 820.337 3532.49
52.9529 385.368 802.815 3388.95
52.9741 12669.8 6828.03 37610.1
53.0868 934.74 268.803 3581.42
53.1887 973.568 271.412 5370.14
53.244 12332.1 6578.33 37317.4
53.3356 11716.9 6449.06 36610.9
53.4397 10808.6 6279.8 35538.9
53.5467 840.159 280.725 4481.69
53.6431 1591.29 279.763 5425.77
53.8449 5018.23 1542.61 5018.23
53.9565 301.265 806.415 2630.8
53.9807 1190.92 251.382 5064.18
54.1056 381.307 724.188 2690.83
54.1605 867.868 272.54 3814.15
54.303 370.283 449.516 480.658
54.409 359.621 867.555 896.869
54.4558 1785.53 265.568 5712.04
54.5592 366.248 741.366 770.444
54.7045 577.401 1283.13 3653.65
54.7661 1482.53 256.903 5081.85
54.8639 615.138 1317.45 4197.48
54.9583 525.076 1048.26 2283.83
55.0551 516.828 1031.36 2237.32
55.1611 508.992 1015.23 2192.6
55.3288 268.059 1447.63 4324.09
55.3767 936.879 258.186 3495
55.4663 2838.95 546.195 13825.6
55.574 1217.31 1217.31 3529.27
55.7791 2748.22 469.188 14324.8
55.8103 1607.07 267.479 4764.92
55.9474 2347.14 423.038 12259.3
56.0411 1955.8 390.11 9992.96
56.2304 1301.15 273.334 3911.29
56.3293 279.095 926.715 2744.2
56.4945 831.863 228.01 4209.78
56.5293 1347.73 199.68 5862.12
56.6404 1912.65 411.746 11603.5
56.7842 1254.42 209.777 4420.07
56.8427 1670.29 211.607 6203.46
56.9365 2116.9 413.813 12999.6
57.0398 2153.6 418.222 13137.8
57.1361 2200.92 424.243 13307
57.2937 2227.74 438.501 13071.9
57.4066 1114.91 237.848 3234.04
57.4474 3479.15 801.462 15804.5
57.5998 940.911 262.723 3135.9
57.7104 1231.39 212.577 6638.94
57.7596 975.59 217.442 3778.76
57.8577 6824.47 1684.36 25263.9
57.957 6474.65 1663.81 24269.5
58.0594 6484.3 1667.2 24298.9
58.16 6467.3 1665.87 24283.9
58.2587 947.315 211.169 3618.43
58.3641 6750.53 1658.75 25194.1
58.4618 6004.49 1595.36 23134
58.6254 5898.84 1577.34 22965.2
58.669 5792.61 1558.92 22793.5
58.8168 5677.68 1538.63 22604.8
58.8671 5556.41 1516.73 22402.6
58.9747 5433.14 1493.86 22193.8
59.0712 5312 1470.88 21984.5
59.1795 350.341 11041.6 41388.5
59.3253 5341.92 1416.94 22533.2
59.4761 5231.79 1396.61 22337.4
59.528 4854.46 1379.77 21163.6
59.7856 376.228 2397.8 3186.42
59.8119 4691.15 1345.84 20855.7
59.8421 4621.69 1331.32 20723.6
59.9342 4560.59 1318.45 20605.8
59.9853 4507.44 1306.94 20501.5
60.1396 4411.52 1289.17 19964.9
60.196 4379.99 1281.8 19900.8
60.2894 4333.09 1203.05 19615.8
60.3922 1196.09 216.369 3853.31
60.5084 1074.24 254.771 3289.33
60.5929 1494.07 251.038 5427.15
60.7054 532.574 185.681 2113.07
60.8599 512.466 179.634 2501.56
60.9085 4518.48 1352.93 20582.8
61.0047 4539.75 1357.42 20625.8
61.1042 4565.88 1363 20678.7
61.2033 1163.82 214.606 6258.23
61.3082 685.861 257.307 2878.19
61.4612 5086.48 1470.94 22183.7
61.5621 5124.7 1479.43 22255
61.6176 2031.95 230.367 7539.5
61.7204 535.11 186.605 2739.47
61.8151 5493.04 1566.45 23298.9
61.9149 4443.27 1285.98 21686.2
62.0202 416.882 123.787 1800.71
62.176 4490.11 1304.18 21786.9
62.2238 4484.06 1264.47 21568.7
62.3223 384.481 65.464 1004.3
62.4812 357.758 742.355 826.384
62.6899 405.599 92.1137 1365.48
62.7299 353.891 1186.24 1527.21
62.7671 472.909 162.958 2338.75
62.8405 391.361 67.949 1068.86
63.082 4736.64 1476.83 22523.4
63.1805 4735.33 1476.56 22535.1
63.3398 4728.19 1474.93 22528.5
63.4491 4639.96 1468.14 22219.5
63.4913 4621.37 1461.89 22189
63.5926 473.512 128.049 2169.99
63.6944 4637.72 1452.77 22376.8
63.9491 4595.4 1442.28 22295.8
63.9728 4544.95 1429.76 22197.3
64.0536 4478.26 1413.18 22060.5
64.107 4380.61 1388.92 21851.1
64.2045 4256.35 1357.82 21571.3
64.3095 282.76 3925.46 14087.9
64.4045 3947.76 1279.36 20835.7
64.609 3774.33 1234.42 20399.3
64.7084 3529.57 1145.34 19593.5
64.738 3352.13 1096.67 19108
64.8145 3115.54 986.744 18382.9
64.9096 2949.05 942.691 17888.6
65.0127 2789.17 899.278 17394.4
65.1133 2635.3 857.065 16901
65.2153 2490.54 817.033 16419.9
65.3138 2204.41 810.731 15089.5
65.4859 294.062 5006.45 12753.8
65.5328 449.6 210.542 1405.1
65.722 1865.32 681.172 13699.8
65.7531 359.208 1122.37 1152.78
65.8765 1669.5 555.331 12522.2
65.9406 372.92 1071.02 1076.36
66.0394 379.037 903.429 920.587
66.136 260.142 3773.7 9969.87
66.2992 307.196 874.193 2518.77
66.3878 2102.68 707.25 14206.9
66.4439 881.132 190.832 3773.44
66.5418 367.307 607.388 618.271
66.6479 780.01 177.365 2632.76
66.7957 2386.79 4539.19 16625.3
66.956 3862.52 3862.52 10956.7
67.0104 374.93 1489.02 1489.02
67.1 4456.55 7290.52 22390.8
67.1588 255.606 1771.7 8180.83
67.2533 4514.64 7405.56 22797.9
67.5612 303.999 1152.22 2843.18
67.5928 5246.84 8720.09 25118.9
67.6584 5274.74 8802.18 25246.9
67.7624 5301.82 8881.68 25371.4
67.8168 5324.96 8950.13 25479
67.9601 5345.65 9003.53 25571.8
67.9897 5367.5 9056.75 25668.2
68.071 5323.89 9091.08 25574
68.1655 5279.41 9082.01 25069.7
68.3232 4801.76 8016.95 23314.4
68.3729 4925.72 8378.76 23791.8
68.4652 7403.2 1800.24 21524.5
68.5776 8091.59 1747.55 21679.1
68.6717 9029.11 1781.51 22457.1
68.7757 2501.43 857.337 15176.6
68.877 2595.2 877.655 15477
68.9768 2685.61 892.282 15759.6
69.0733 2766.59 897.691 16004.6
69.183 2833.46 898.339 16203.7
69.2754 2237.96 630.785 15259.7
69.5284 379.776 513.542 572.179
69.5559 2959.88 890.158 16550
69.8861 494.753 238.882 2688.5
69.9106 2314.08 644.732 15513.1
69.9437 374.489 457.556 543.695
69.976 374.372 1664.55 2212.62
70.0052 3009.54 955.416 16786.7
70.0917 2995.24 951.651 16743.8
70.1892 2978.81 947.234 16694.6
70.2931 2926.95 841.966 16434.5
70.4482 2908.92 837.45 16381.8
70.5505 2890.35 833.525 16326.9
70.5947 2872.01 830.173 16272.3
70.7006 2854.69 827.374 16220.1
70.7948 2838.89 825.38 16172.9
70.9069 2825.1 823.945 16131.3
71.0121 2813.75 823.094 16098.5
71.1074 2805.31 822.885 16075
71.3476 2799.4 823.408 16059.8
71.4513 2796.1 824.575 16052.1
71.5683 2795.17 826.238 16052.7
71.6511 2796.72 828.34 16059.5
71.8141 2800.76 830.977 16075.9
71.8599 2806.7 833.781 16097.9
71.9763 2814.22 837.065 16125
72.0619 2823.35 840.723 16155.9
72.1732 2833.61 844.257 16190.2
72.2662 2844.39 847.243 16224.9
72.3715 2853.72 848.967 16255.2
72.4678 2862.17 850.357 16280.7
72.5768 2870.19 851.573 16302.6
72.7257 2877 852.491 16319.7
72.7801 2882.34 853.013 16332
72.8767 2886.25 853.151 16339.4
72.9753 2888.59 852.78 16342
73.0731 2889.38 851.984 16340.8
73.178 2888.49 850.881 16334.4
73.383 373.279 5392.87 8940.79
73.5313 2911.45 926.723 16502.7
73.5575 2907.48 926.043 16487.8
73.6423 2901.86 924.976 16468.8
73.7902 2864.44 840.771 16249.1
73.8169 2859.94 839.608 16232.2
73.8886 2854.66 838.268 16214.7
73.9876 2207.01 626.568 15121.9
74.0938 2202.69 625.816 15104.9
74.1959 2198.52 625.041 15089.2
74.2986 2194.65 624.279 15075.3
74.3987 2191.16 623.542 15063.1
74.5001 2187.98 622.822 15052.3
74.7084 2185.2 622.12 15043.3
74.7359 2182.93 621.455 15036.4
74.8024 2141.52 618.699 14722
74.9068 2139.52 617.909 14716.5
75.0043 2137.95 617.168 14713
75.2082 2136.63 616.445 14710
75.2356 2135.74 615.772 14708.3
75.3133 2020.89 596.838 13914.1
75.4098 2020.79 596.137 13915.7
75.5133 2021.05 595.394 13918.3
75.6113 2021.72 594.634 13921.6
75.7754 2022.85 593.917 13926.8
75.8256 2024.04 593.179 13931.7
75.9215 1559.45 214.067 5106.97
76.0168 2685.55 827.434 15361.2
76.1182 2684.94 827.809 15363.3
76.2355 618.288 198.48 2264.66
76.4275 2713.63 901.193 15580.9
76.4524 2071.76 590.198 14269.9
76.5802 2073.32 589.46 14273.1
76.6421 2034.36 587.037 13956.8
76.7281 2036.02 586.161 13959.9
76.9334 371.903 1322.47 1645.13
76.9671 2083.06 586.76 14296.2
77.038 2085.83 586.138 14303.1
77.1367 2088.2 585.456 14307.3
77.2487 378.511 693.048 785.587
77.3464 620.097 213.874 2289.4
77.5155 2810.98 926.934 16310.7
77.5498 375.73 1229.2 1529.25
77.6477 2811.83 929.776 16327.5
77.7537 602.439 209.779 2924.3
77.9031 696.289 173.6 2293.95
77.9533 649.766 221.222 3090.68
78.0496 3318.95 923.981 17329.6
78.1746 2587.95 659.69 16046.3
78.3161 360.464 1280.28 1622.01
78.513 1705.33 227.998 5892.21
78.6059 659.543 209.611 3202.96
78.707 3335.78 1023.83 17497.6
78.8101 3326.01 1022.75 17445.3
78.9112 3311.93 1021.2 17411.6
79.0201 3293.37 1018.59 17379
79.1188 3267.73 1014.34 17320.6
79.2192 3235.98 1008.73 17242.6
79.3734 3146.9 964.569 16941
79.4268 3104.81 956.744 16831.7
79.5263 3058.49 947.275 16722.1
79.6299 2962.77 930.166 16185.6
79.7854 282.543 4076.31 13065
79.8339 2893.87 873.404 16316.9
79.928 2785.93 847.269 16009.9
80.0932 2671.41 819.649 15675.3
80.1558 789.761 236.129 2344.06
80.2523 2525.81 4372.23 16610.2
80.3421 2322.56 734.191 14600.4
80.5506 378.613 1463.8 1627.5
80.6458 1904.68 4094.7 14846.9
80.762 379.293 1300.73 1435.46
80.8149 1564.18 478.272 12180.8
80.9056 1421.76 489.195 11389.2
80.9626 289.008 4006.14 9867.7
81.1126 1314.98 456.198 10858.2
81.1684 1349.38 252.081 3114.96
81.3191 1220.64 361.228 10218.1
81.4637 1186.95 352.021 10034.3
81.5262 1158.24 344.069 9874.61
81.5927 1394.07 243.039 3358.87
81.6711 1121.1 385.768 9811.75
81.7701 1105.41 378.818 9723.94
81.8698 938.009 202.618 2545.59
81.9813 462.313 142.599 1762.87
82.07 1490.43 5411.13 13313.5
82.1982 281.885 1081.73 4659.3
82.2829 274.365 1104.17 4819.73
82.3846 357.913 1130.5 3002.15
82.5374 373.971 1140.05 2934.73
82.5919 927.78 194.354 4002.16
82.6953 781.974 191.899 2495.13
82.8401 2935.29 1887.38 15540.1
82.888 2957.2 1900.15 15587.9
82.99 995.837 221.072 2636.1
83.0928 3218.61 1978.75 16457.4
83.1915 3238.26 1989.92 16501.5
83.2932 3255.61 1999.49 16541.6
83.3896 3270.5 2007.77 16575.6
83.5942 3281.93 2014.91 16602.9
83.6268 3289.89 2021.52 16624.7
83.7079 2384.2 1359.72 14376.3
83.793 2395.46 1367.96 14407.3
83.9561 2305.3 1305.66 13834.6
84.2083 2215.29 1283.51 13542.1
84.2432 2208.47 1288.46 13539.3
84.2738 2201.67 1294.78 13537.8
84.4143 2194.1 1301.24 13534.2
84.4491 2185.96 1307.28 13528.2
84.5155 2176.76 1312.15 13514.7
84.619 315.783 918.18 3113.51
84.9434 373.689 1162.56 1273.2
84.9762 352.055 1080.04 3900.51
85.011 3677.6 2244.62 15902.9
85.0409 3654.08 2180.59 15780.6
85.1339 3639.25 2169.19 15747.8
85.233 3624.93 2158.53 15716.1
85.3264 3611.93 2149.06 15687.2
85.4298 328.608 1025.8 3940.41
85.5257 3588.37 2133.84 15637.8
85.6419 368.271 419.046 562.55
85.7392 727.996 180.134 3242.52
85.8412 1060.96 186.307 3418.58
85.9367 5984.23 3201.88 20825.1
86.0386 5976.53 3201.91 20818.6
86.1409 5971.4 3203.38 20816.9
86.2614 5969.65 3206.41 20820.8
86.3478 5970.95 3210.71 20829.6
86.6447 5973.43 3215.77 20843.1
86.7926 5975.83 3220.76 20859
86.8265 5981.06 3225.95 20876.6
87.0521 5987.97 3230.91 20894.8
87.1033 5996.03 3235.53 20913.8
87.1386 6004.96 3239.74 20932.5
87.1988 6014.06 3243.3 20949.6
87.303 6022.05 3245.77 20963
87.6585 6029.48 3247.45 20973.7
87.8076 6036.43 3248.49 20982.3
87.963 6042.88 3248.82 20988.2
87.9987 6002.8 3248.44 20657.4
88.0365 6009.06 3248.27 20659.4
88.0734 6013.2 3247.62 20660.1
88.1063 6016.52 3246.96 20660
88.1379 6017.1 3245.57 20655.8
88.3186 6015.64 3243.47 20649.2
88.3551 6013.57 3241.41 20642.4
88.4755 6011.82 3239.66 20637.1
88.5744 6011.88 3238.91 20635.3
88.6708 6012.73 3238.91 20635.4
88.7341 6013.49 3239.21 20636.1
88.832 6013.89 3239.75 20636.9
88.9279 6013.9 3240.49 20637.6
89.0834 6013.18 3241.17 20637.6
89.2382 6011.22 3241.86 20637.5
89.276 6007.85 3242.52 20637
89.383 6003.46 3243.19 20635.7
89.4452 5997.65 3243.56 20633.1
89.5892 5990.94 3243.75 20629.7
89.6372 5984.12 3244.07 20626.7
89.7929 5976.92 3244.38 20623.4
89.8915 5970.45 3245.03 20621.2
89.9462 5957.31 3180.38 20541.9
90.0488 5951.73 3181.34 20539.8
90.1438 5945.77 3182.5 20538.7
90.2474 5939.42 3183.8 20538.7
90.3987 5933.15 3185.38 20539.5
90.5566 356.375 3136.12 4224.56
90.6591 5930.86 3254.07 20622.3
90.6943 5926.31 3256.21 20625.3
90.7682 5913.81 3194.4 20551.6
90.9132 5909.03 3196.76 20554.3
90.9655 5904.57 3199.14 20557
91.0603 5901.33 3201.74 20559.2
91.1633 5896.87 3204.01 20561.4
91.2743 810.401 216.517 3365.67
91.4136 5446.47 2978.01 19480.8
91.4673 1161.79 223.949 4866.03
91.5712 941.197 255.433 3204.2
91.8175 5823.53 3577.11 21349.2
91.8539 5802.61 3524.45 21253.1
91.9246 5793.72 3529.84 21256.1
91.9814 5786.83 3535.75 21262.2
92.0809 5424.98 2964 19734.1
92.1884 5417.39 2969.74 19737.6
92.277 5407.28 2975.41 19741
92.4797 5396.09 2981.36 19744.6
92.5228 371.136 1078.57 1356.09
92.5901 370.648 2263.66 2909.45
92.7976 376.952 978.123 1137.59
92.8359 5740.92 3669.97 21610
92.9474 391.533 53.6787 758.271
92.9934 4709.52 2959.85 19795.3
93.0954 4633.27 2870.08 19425.5
93.1887 4633.78 2860.42 19417.9
93.2981 3980 2255.17 17058.2
93.4077 3673.67 2141.18 15957.4
93.5086 3659.98 2136.96 15920.7
93.8754 3658.68 2138.55 15887.5
93.9012 452.478 164.308 1798.02
93.9846 3667.74 2146.01 15536.8
94.0847 3669.63 2088.18 15436.3
94.1909 3676.65 2087.9 15461
94.3423 3674.36 2084.14 15473.7
94.4476 3526.19 2076.02 14894.4
94.5464 3501.03 2065.77 14855.2
94.5995 3462.81 2049.7 14793.2
94.7049 3401.82 2019.3 14502.1
94.8122 3334.03 1991.73 14384.2
94.9067 3253.3 1959.15 14234.9
95.0074 3162.64 1920.95 14061.6
95.1146 1417.61 243.245 3761.07
95.2549 2958.75 1825.7 13670.6
95.3133 2811.47 1546.46 13226.7
95.41 2683.83 1468.14 12951.5
95.5112 1950.23 962.467 11327.3
95.6131 1841.2 895.741 10825.4
95.7173 1752.46 858.289 10571.6
95.8204 338.407 1424.07 3461.41
95.9184 2111.8 1406.45 11152
96.0273 1741.8 941.169 9629.06
96.1227 1617.11 918.083 9055.49
96.2306 1534.57 876.831 8836.15
96.3293 1455.21 781.523 8481.32
96.432 1363.47 746.187 7888.91
96.5834 1381.34 226.352 3087.8
96.7306 1213.02 702.205 7186.11
96.7584 1174.65 679.913 7064.92
96.9326 1142.5 660.821 6960.92
96.96 1114.59 637.827 6654.77
97.0407 358.807 1151.83 2829.16
97.1354 1076.82 620.329 6742
97.2433 813.376 223.868 1991.08
97.4479 899.102 192.886 2469.37
97.4855 359.644 1418.57 3362.92
97.5531 227.118 3555.84 10814.6
97.6614 607.24 177.909 2253.79
97.8505 1471.72 909.383 9485.25
97.8814 1475.47 910.563 9497.45
97.9587 233.992 3500.97 11221.7
98.0559 502.284 312.708 1529.21
98.18 1033.37 189.156 3503.76
98.2613 1350.82 7920.23 20059.4
98.3691 226.434 4045.16 11863.3
98.4616 1366.79 8186.7 20466.5
98.5655 1906.4 1199.91 12312.6
98.7728 1914.59 1203.79 12339.7
98.8098 1922.61 1206.33 12363.5
98.8812 252.63 3823.7 10656.5
98.9753 7312.42 1356.61 19542.2
99.0783 1967.9 1205.48 12628.5
99.2299 1960.37 1199.1 12426
99.2914 538.237 262.342 2239.5
99.3808 7597.75 1282.28 19651.7
99.5377 371.082 636.883 706.086
99.6388 2075.92 1159.79 12762.3
99.6896 2081.63 1147.38 12634.1
99.789 1778.63 1030.36 11179.1
99.9366 375.036 720.487 802.875
99.9949 2008.23 1071.84 11775.1
100.1 374.818 556.509 649.748
100.241 1766.52 2578.84 11359.2
100.295 1759.86 2574.18 11337.2
100.856 372.444 519.464 637.692
100.89 1203.46 171.706 3449.81
100.916 1926.42 3726.89 13464.2
100.953 1913.07 3720.6 13212.1
100.984 1906.87 3716.88 13198.3
101.013 380.76 34.9986 679.061
101.049 1923.65 3717.51 13381.2
101.118 368.884 1025.09 1755.52
101.215 2226.14 3756.9 14341
101.33 2224.33 3757.35 14338.6
101.419 2213.56 3754.47 14190.8
101.746 2212.96 3753.39 14188.6
101.848 2211.96 3752.33 14186
101.904 2211.06 3751.55 14183.5
102.003 383.315 862.542 3106.93
102.105 2234.79 3773.26 14421.4
102.21 2234.86 3773.12 14423.8
102.319 2235.26 3772.99 14426.8
102.608 2236.13 3772.93 14431.1
102.642 2203.39 3767.97 14189.3
102.677 2205.24 3765.65 14190.9
102.722 2207.94 3762.37 14193.2
102.82 2209.57 3760.64 14195.6
102.918 2210.67 3760.45 14200.2
103.015 2211.68 3760.46 14203.9
103.124 2212.51 3760.07 14205.6
103.225 2213.24 3760.05 14208.8
103.525 2213.84 3759.91 14211.2
103.558 2214.16 3759.73 14212.7
103.591 303.052 1469.62 4229.62
103.643 2231.3 3761.64 14433
103.738 251.916 3247.75 9664.56
103.84 2244.62 3762.96 14551.5
104.149 2243.65 3762.73 14548
104.182 2242.29 3762.08 14543
104.248 2241.14 3761.95 14539.7
104.279 2239.49 3760.86 14532.9
104.349 2238.31 3760.73 14529.7
104.45 2237.56 3760.6 14525.4
104.552 2236.42 3760.42 14521.5
104.655 2235.9 3759.92 14516.8
104.807 370.088 10375.2 16163.7
104.91 2227.22 3754.43 14273.6
104.961 2224.76 3752.37 14260.6
105.106 2222.67 3751.11 14250.4
105.166 2221.07 3750.44 14243.2
105.252 2219.96 3750.32 14238.8
105.359 2205.62 3747.17 14107.3
105.463 2205.5 3747.76 14105.8
105.662 2205.62 3748.57 14105.8
105.737 2206.06 3748.29 14103.4
105.969 1902.72 201.838 5237.32
105.998 2183.59 3673.72 13791.9
106.034 2184.69 3675.25 13792.9
106.094 2185.63 3676.78 13793.1
106.181 2186.74 3678.88 13796
106.278 2188.17 3681.3 13800
106.381 2189.76 3683.26 13802.2
106.483 370.992 2561.72 3369.17
106.589 581.184 235.897 2396.53
106.739 572.581 201.708 2147.04
106.787 3538.87 9527.75 19586.9
106.889 3552.8 9527.49 19587
106.986 3569.03 9527.78 19586.8
107.142 3586.83 9529.05 19587.2
107.193 3605.18 9530.77 19586.1
107.388 3583.29 9508.5 19317.7
107.421 3066.73 8855.58 17499.6
107.503 368.668 743.202 925.386
107.598 3402.35 9265.8 18289.5
107.764 3114.21 8872.95 17491
107.914 3112.15 8872.71 17396.5
107.962 398.587 83.1197 981.107
108.083 509.398 185.756 1506.4
108.128 2487.59 4442.52 15637.4
108.217 2450.15 4091.31 14623
108.37 556.64 205.416 1741.08
108.42 695.959 144.234 2018.95
108.518 2445.71 4097.76 14593.5
108.629 381.794 816.955 3056.76
108.739 228.679 2196.31 6254.25
108.83 2511.68 4410.93 15786.3
109.105 2507.57 4435.27 15779.5
109.203 2505.53 4456.25 15794.4
109.321 232.985 2080.92 6076.39
109.408 2569.51 4570.46 17057.7
109.519 353.02 695.362 2902.35
109.614 2282.61 3412.2 15046.3
109.817 2270.8 3403.7 15015
109.92 2256 3393.05 14973.7
110.026 2237.39 3379.91 14920.1
110.073 244.671 3337.76 11731.3
110.126 3019.67 10928 24521.6
110.233 2959.54 10434.2 23967.9
110.431 2891.49 9897.26 23345.4
110.469 2637.73 9285.54 22114.1
110.594 2563.13 8728.36 21414.3
110.739 2485.07 8184.06 20700.6
110.837 2305.49 7639.83 19409
110.877 2187.83 7165.93 18536.6
110.942 2113.17 6724.7 17882.9
111.097 1863.49 6063.95 16072.1
111.147 1798.59 5698.98 15496.7
111.246 1737.08 5375.15 14959.9
111.343 1679.55 5091.05 14464.9
111.546 1421.29 4770.54 13334.7
111.585 366.193 1268.43 2880.49
111.651 1202.98 4258.2 11807.9
111.857 380.085 1211.44 2769.27
111.907 1153.64 3971.91 11116.8
112.014 854.203 2043.1 7572.56
112.071 265.13 3749.88 9636.5
112.161 845.422 2040.2 7605.46
112.258 483.617 278.293 1274.7
112.365 338.07 543.195 590.266
112.56 941.44 2199.51 7808.04
112.637 351.967 669.607 684.154
112.67 1035.6 2381.97 8704.48
112.873 378.944 1556.09 3219.92
112.912 1094.79 2536.77 9302.79
112.976 1096.12 2540.47 9315.33
113.077 338.46 1420.77 3018.04
113.173 1252.71 3854.9 10180.8
113.549 250.969 4429.1 14808.4
113.59 1981.57 11435.3 20935
113.635 234.217 4730.83 14622.2
113.669 2033.07 13264.9 24300.1
113.705 2037.61 13348 24418.7
113.846 2040.46 13381 24475.9
113.893 1829.3 11756.3 23528.6
113.988 1832.72 11729.7 23509.7
114.09 1846.68 11536.2 23346.6
114.291 1801.22 9923.62 19806.9
114.331 1797.71 10050 19628.7
114.388 1843.1 10280.8 19563
114.496 1690.83 10563.1 19170.9
114.59 1680.46 10797.2 18885.5
115.001 569.14 569.14 17718.3
115.041 762.946 431.941 6388.27
115.071 676.006 340.779 5468.39
115.105 667.129 332.892 5360.57
115.137 666.515 332.811 5352.78
115.205 370.788 1214.36 3503.63
115.309 672.124 339.495 5439.02
115.408 664.267 336.437 5268.05
115.575 342.496 1218.1 3520.37
115.665 367.859 433.255 569.708
115.716 377.65 1083.53 3554.84
115.825 366.89 663.273 829.097
115.922 1654.83 2738.83 9703.64
116.021 1649.55 2729.1 9683.06
116.117 1645.68 2720.75 9665.59
116.223 1642.8 2713.49 9650.03
116.322 1640.78 2707.9 9637.75
116.432 385.325 64.7367 995.813
116.526 1457.54 2679.96 9376.19
116.834 1457.95 2679.4 9373.89
116.861 1458.43 2679.28 9371.54
116.898 1459.2 2680.22 9371.04
116.937 1460.22 2682.25 9372.55
117.042 1461.64 2685.38 9376.09
117.139 1462.93 2688.51 9379.79
117.245 1464.39 2692.17 9384.75
117.342 373.742 2807.5 3457.51
117.498 1690.58 2726.89 9847.95
117.549 1691.57 2730 9853.87
117.647 1692.2 2732.23 9858.21
117.745 1692.24 2733.31 9860.52
117.948 1691.98 2733.94 9862.63
118.101 1691.51 2734.08 9864.29
118.128 1690.95 2733.38 9864.13
118.161 1689.87 2731.76 9863.08
118.259 369.842 2583.54 4248.3
118.41 1701.37 2764.63 9913.11
118.459 1698.71 2759.06 9903.09
118.665 1695.6 2752.67 9891.4
118.695 1691.99 2745.58 9877.9
118.777 1687.88 2737.97 9863.09
118.865 1683.35 2729.46 9845.4
119.03 1678.55 2720.53 9826.82
119.077 1673.24 2710.29 9805.12
119.179 1667.44 2698.66 9779.93
119.273 1660.65 2684.91 9750.03
119.381 1652.92 2669.56 9716.4
119.475 1644.32 2653.04 9679.99
119.579 1634.83 2635.64 9641.94
119.681 1625 2618.13 9603.62
119.79 1614.64 2600.12 9563.9
119.885 254.732 1430.1 4096.14
119.992 2062.49 4029.35 12255.6
120.092 2045.11 3996.91 12197.5
120.189 2026.8 3963.56 12136.5
120.289 2007.07 3928.02 12071
120.396 1986.03 3890.8 12001.5
120.541 1963.8 3851.81 11928
120.655 1940.81 3811.44 11851.7
120.711 1916.93 3769.33 11772
120.801 1892.63 3726.27 11690.3
120.965 1867.58 3681.71 11605.5
121.008 1842.15 3635.87 11518
121.107 1442.11 2302.58 8901.19
121.204 1426.46 2274.43 8837.64
121.312 1409.49 2243.89 8768.91
121.408 1391.97 2212.44 8698.06
121.625 1373.93 2180.12 8625.29
121.675 1344.08 2104.39 8478.57
121.77 1325.74 2071.31 8402.86
121.818 233.933 233.933 3855.17
121.922 1299.97 2046.93 8323.51
122.02 1281.78 2014.35 8249.34
122.126 1263.85 1982.24 8176.04
122.224 1245.84 1949.49 8100.75
122.325 1227.29 1915.59 8022.68
122.426 1208.34 1881.11 7943.02
122.523 981.542 1076.86 6239.81
122.679 967.123 1058.02 6187.66
122.788 950.102 1007.17 6051.44
122.834 936.374 988.677 5999.3
122.942 241.073 1972.98 4944.27
123.039 911.156 984.332 5978.7
123.131 897.805 966.776 5927.85
123.239 803.533 894.577 5350.99
123.338 279.021 893.685 2610.87
123.443 815.849 1519.31 6774.23
123.652 802.553 1485.31 6696.61
123.686 789.443 1451.82 6619.31
123.746 776.635 1419.17 6543.51
123.906 279.697 1071.89 2953.09
123.955 819.395 1360.71 6803.21
124.06 381.684 1930.01 4100.98
124.211 380.031 1920.22 4057.62
124.26 798.304 1293.66 6658.24
124.359 380.865 332.511 1148.76
124.562 809.687 1332.1 6998.87
124.588 736.494 1298 6541.78
124.863 669.522 1149.86 5747.81
124.903 238.337 238.337 3417.82
125.035 703.411 1098.93 6103.31
125.06 639.672 1069.36 5661.81
125.092 629.319 1042.96 5589.29
125.176 619.015 1016.5 5515.82
125.275 607.378 969.492 5233.45
125.376 603.445 530.114 3904.84
125.475 374.642 1640.75 3278.42
125.781 378.352 1443 2945.11
125.807 463.404 131.453 2987.41
125.893 249.591 1969.68 4384.96
125.981 489.14 151.673 3505.62
126.009 464.727 124.936 3118.38
126.092 455.523 124.333 2949.77
126.195 371.816 575.995 1440.4
126.295 456.676 118.233 3024.01
126.697 234.831 3288.87 6707.87
126.724 376.472 1638.46 3117.95
126.755 361.241 1517.22 1539.52
126.784 341.085 678.458 731.098
126.806 322.345 1755.58 5089.23
126.948 322.639 1633.47 4876.46
127.048 322.274 1545.56 4737.32
127.158 360.522 1108.98 1131.37
127.202 321.347 1390.42 4483.81
127.306 320.812 1320.91 4366.84
127.462 311.231 1229.64 4173.88
127.557 302.272 1158.87 3826.43
127.657 253.129 1690.1 3604.39
127.718 297.1 1018.17 3393.24
127.873 379.323 183.6 904.184
127.914 378.296 39.5723 1338.72
128.071 373.445 33.707 1158.45
128.119 372.237 33.2214 1147.23
128.216 371.007 32.7643 1136.48
128.318 369.737 32.1205 1124.79
128.478 363.248 24.3906 803.472
128.578 362.098 23.9951 796.876
128.676 359.429 22.1615 655.259
128.725 235.69 2901.35 5457.91
128.823 1583.58 6230.48 14761
128.921 1540.02 6136.41 14405.7
129.026 1502.97 6058.21 14075.3
129.13 1472.14 5995.56 13768.5
129.23 1447.48 5948.03 13487.8
129.389 1406.14 5880.67 13004.1
129.492 1385.61 5853.3 12690.1
129.581 304.518 2500.25 3632.37
129.76 338.641 861.802 927.456
129.858 1943.6 8194.51 14253.5
129.916 1969.23 8242.93 14085.5
130.147 1220.65 5602.71 11956.2
130.208 331.851 667.714 781.014
130.311 264.828 1373.18 2305.56
130.407 1427.78 9479.89 13960.7
130.571 329.191 747.614 829.104
130.662 1484.16 10966.5 14670.5
130.724 1478.3 11004.7 14662
130.861 1477.61 11022.1 14680.2
130.995 1478.89 11024 14704.3
131.078 1483.31 11023 14762.4
131.129 1489.42 10994.5 14778.7
131.489 1490.34 10880.2 14509.3
131.507 264.726 807.523 1443.61
131.585 1703.55 11418.2 15302.4
131.737 1707.7 11393.2 15293
131.794 1710.14 11377.8 15291.4
131.895 1709.87 11364.9 15279.6
131.99 1707.26 11355.6 15262.2
132.094 1702.13 11350.7 15238.7
132.193 1695.24 11349.4 15210.9
132.353 1686.42 11353.5 15178.9
132.507 1676.47 11362.2 15143.4
132.855 1665.63 11379.4 15109.3
132.875 1654.41 11404.4 15075
132.901 1645.41 11435.2 15038.6
132.925 1634.26 11486.9 14958.7
132.964 1627.45 11558.9 14951.1
133.118 1621.79 11653.2 14957.6
133.138 1619.57 11770.1 14983
133.218 1621.58 11913.4 15032.6
133.315 1625.51 12072.2 15034.2
133.524 1624.76 12207.8 14983.9
133.678 1629.32 12360.3 14966.8
133.697 1515.37 10842 13679.3
133.919 948.892 7356.3 10556.4
133.937 315.273 1184.76 1271.16
133.961 981.381 10118.8 12324.5
134.031 906.665 9953.97 11934.7
134.125 899.36 10051.6 11852.8
134.23 903.445 10207.7 11772.6
134.327 914.512 10381.9 11899.8
134.476 925.011 10541.2 12022.3
134.585 307.794 1348.47 1442.01
134.647 392.682 188.938 873.216
134.785 1165.42 14147.6 14706.5
134.842 312.314 596.594 729.192
134.987 1223.07 14943 15536.4
135.191 308.753 660.146 745.366
135.212 1494.53 15972.4 16493.5
135.246 1490.03 15946.3 16466
135.343 1483.2 15903.7 16423.3
135.446 1475.05 15850.4 16370.9
135.549 1466.04 15788.4 16310.2
135.755 1456.46 15718.4 16244.4
135.769 1447.01 15645 16176.8
135.857 1437.35 15566.6 16103
135.958 1428.04 15488.2 16026.6
136.113 1417.91 15399.5 15943.2
136.219 1407.9 15307.6 15858.3
136.261 1396.57 15200.9 15763.9
136.521 1384.85 15085.7 15666.2
136.54 1372.03 14956.2 15561.4
136.629 1357.81 14809.5 15445.4
136.677 1342.19 14643.8 15319.3
136.849 307.847 2841.55 2701.46
136.938 1854.48 16537.1 17170.9
136.983 1720.16 14171.2 15285.3
137.083 1673.85 13964.4 15141.4
137.248 1633.56 13773.4 15013.1
137.304 1599.12 13599.1 14899.7
137.389 1515.33 13134.9 14368.1
137.535 1492.34 13008.6 14287.3
137.64 1475.8 12910.1 14224.5
137.694 1464.06 12834.5 14174.1
137.84 1455.77 12777.2 14128.7
137.944 1451.25 12741.2 14105.6
137.993 1448.22 12715.6 14086.3
138.104 1446.54 12699.8 14075.8
138.2 1445.79 12690.9 14071.2
138.302 1446.07 12688.7 14071.8
138.396 1446.77 12689.6 14073.9
138.555 1448.2 12695.4 14078.6
138.655 1449.55 12701 14082.3
138.707 1451.02 12708 14087.7
138.81 1452.37 12714.8 14093.6
138.912 1453.65 12720.9 14098.9
139.214 1455.1 12728 14104.9
139.228 1456.41 12734.2 14110.2
139.246 1457.61 12739.8 14115
139.367 1458.63 12744.2 14119
139.426 1459.6 12748.1 14122.7
139.518 1460.42 12751.3 14125.9
139.623 1461.11 12753.4 14128.2
139.722 1461.67 12754.3 14130
139.883 1462.12 12753.9 14130.7
140.191 1462.38 12751.8 14129.3
140.207 1462.76 12750 14128.3
140.228 1463.1 12747.6 14126.3
140.246 1463.58 12746.1 14125.4
140.339 1463.87 12743.6 14123.3
140.444 1464.21 12741.5 14120.8
140.639 1464.74 12740.6 14119.4
140.706 1465.44 12741.2 14119.1
140.846 1466.2 12742.5 14119.5
140.862 1467.08 12744.9 14120.7
140.949 1468.35 12749.1 14123.7
141.048 1470 12755.4 14127.8
141.307 1472.05 12764.2 14132.6
141.324 1474.38 12775 14139.2
141.358 1477.04 12788 14146.9
141.61 1480.2 12803.5 14156.1
141.626 1483.85 12821.5 14167
141.663 1487.77 12840.7 14177.7
141.76 1492.09 12862.2 14191.1
141.857 1496.77 12886.1 14206.1
141.966 1502.12 12912.9 14224.5
142.119 1507.98 12942.6 14244.1
142.166 1500.56 12788.2 13965.3
142.263 1508.27 12826.4 13991.7
142.518 1516.56 12866.8 14019.5
142.534 1525.64 12910.5 14050
142.574 1535.67 12957.8 14082.9
142.669 1546.4 13007.4 14117.4
142.773 1558.07 13060.1 14154.3
143.227 1570.19 13114 14193
143.245 1584 13172.6 14234.2
143.283 1599.6 13239 14282.8
143.299 1611.23 13200.1 14140.2
143.319 1629.5 13275.6 14197
143.379 1649.06 13355.1 14257.2
143.481 1669.92 13438.5 14321.2
143.734 1688.44 13436.3 14172.9
143.752 1712.46 13527.2 14244.6
143.79 1737.33 13619.5 14317.7
143.891 1763.72 13715.9 14395.5
143.99 1791.98 13816.7 14478.1
144.143 1820.67 13836.9 14417.5
144.194 1855.14 13953.9 14514.3
144.301 1892.18 14077.4 14616.7
144.396 1932.56 14209.2 14726.5
144.504 1976.1 14348.4 14843.5
144.852 2022.4 14493.7 14966.3
144.867 2072.03 14646 15095.7
144.886 2125.04 14805.4 15232.9
144.957 2180.35 14968.5 15373.5
145.009 2239.34 15138.4 15528.4
145.115 328.984 2094.18 2168.69
145.209 2567.16 18674.6 18411.1
145.411 2658.31 18948.9 18679.6
145.473 2759.82 19246 18970.6
145.513 2873.21 19571.6 19287.5
145.665 2998.56 19920.8 19627.6
145.776 3138.47 20300.6 19996.5
145.819 2833.89 18616.3 18646.4
145.915 2978.02 19004 19028.7
146.024 3141.59 19460.8 19413.4
146.118 3334.77 19955.4 19877.2
146.225 360.333 2608.8 4136.61
146.385 360.333 2547.03 4050.9
146.436 5120.86 26481.2 25540.1
146.578 4523.71 24978.1 24082.5
146.685 4816.55 25650.2 24708
146.733 299.089 517.306 618.882
146.883 5693.49 27295.1 26290.4
146.94 234.403 12162.9 18365.8
147.038 7814.38 32806.8 34673.9
147.139 241.153 10833.5 16947.6
147.242 350.67 2336.37 3443.16
147.344 433.248 283.17 952.269
147.44 3338.69 21547.8 27208.3
147.548 248.069 9002.7 13892.1
147.641 3596.47 25028.5 32945.8
147.814 351.095 2233.06 3181.89
147.959 325.035 850.7 945.841
148.014 4065.44 24337.2 29612.6
148.211 2547.56 15907.2 20717.8
148.317 227.805 11692.1 17744.3
148.422 1945.89 15569.3 21456.5
148.522 314.183 872.588 1032.03
148.723 1567.97 12495.5 18113.8
148.781 1564.83 12590.9 18161.1
148.876 1007.76 10699.5 17042.3
148.935 352.989 194.833 769.029
149.036 225.019 11831.3 22669.1
149.149 1269.12 17089.7 26032.4
149.246 335.694 1393.01 1789.07
149.342 1661.34 18922 31267.7
149.588 237.89 6325.32 15830.7
149.737 242.812 4332.36 10546.9
149.89 1966.65 28959.2 46577.5
149.952 1974.43 29081.3 46733.8
150.043 231.925 4959.79 6196.31
150.098 2169.6 31189.4 50919.5
150.193 2142.91 30720.1 50682.5
150.397 2104.48 30059.3 50561.1
150.413 2053.62 29159.6 44559.4
150.853 320.589 862.954 1020.29
150.87 2513.12 28780.5 43389.3
150.895 2415.28 27341.5 41714.8
151.112 2315.07 25892.5 39910.3
151.128 2212.19 24430 37937.1
151.258 2115.33 23067.8 36026.7
151.41 2024.3 21788.4 34163.7
151.475 309.772 1430.22 1463.44
151.492 1915.87 23399.4 32899.1
151.513 227.159 12507.3 17394.9
151.529 1088.28 22069.7 32773.7
151.718 1022.56 21195.6 31203
151.733 967.131 20478.3 29830.8
151.82 921.672 19903.2 28648.9
152.08 885.494 19454.3 27644.6
152.097 857.663 19117.1 26805.7
152.125 829.182 17687.7 24016.3
152.232 814.754 17573.3 23553.6
152.378 305.776 666.476 804.031
152.443 860.559 19316.1 23955.1
152.531 860.616 19302.8 23742.9
152.639 861.978 19309.2 23594.5
152.733 863.991 19325.2 23494.2
152.836 865.992 19343.9 23430.9
152.948 867.633 19361.7 23395.9
153.142 868.525 19376.4 23387
153.242 868.685 19387.9 23399.1
153.257 276.827 2545.68 3105.76
153.551 1267.23 20777 24635.1
153.566 1276.86 20805.2 24708
153.586 1290.6 20841.4 24821
153.652 1309.07 20890 24974.4
153.752 1329.73 20945.6 25152.6
153.856 1328.62 20026.6 23831.7
153.96 1306.71 19868.6 23469.3
154.058 1325.17 19912.5 23600.2
154.168 1342.46 19953.5 23725.2
154.265 1360.68 19990.7 23841.5
154.374 1373.63 20016.7 23927
154.624 1384.74 20055.1 24001.2
154.644 1405 20150.4 24132.7
154.73 584.964 232.883 1098.4
154.78 1962.28 20454.5 25410.8
154.88 2042.72 20635.8 25776.8
154.982 2141.06 20872.2 26228.3
155.084 2257.38 21168.1 26761.3
155.181 2389.69 21522.7 27363.8
155.28 2539.65 21941.8 28038.4
155.484 2701.13 22407.6 28755.3
155.5 2866.09 22917.4 29502.5
155.592 309.371 731.937 855.75
155.693 3269.78 25228 31356.5
155.79 3373.4 25538.1 31769.6
155.993 3449.85 25759.7 32060.9
156.006 3496.43 25885.6 32229.3
156.136 3521.41 25941.7 32310.6
156.206 281.719 1305.5 1960.04
156.303 2550.06 24470.5 30843.7
156.509 2537.58 24373.5 30719.3
156.525 2520.31 24260.9 30563.3
156.607 2500.83 24154.5 30403.1
156.707 2477.14 24039.4 30234.3
156.86 2452.97 23927.6 30069.8
156.915 324.384 1830.16 2926.31
157.006 4933.18 28195.9 34566.3
157.16 4890.01 28118.8 34446.6
157.216 4811.17 24133.6 31769.5
157.31 4755.84 24030.5 31602.9
157.572 4705.11 23934.4 31445.6
157.588 4660.98 23854.1 31311.6
157.875 4625.58 23788.5 31198.2
158.085 4594.68 23731.5 31098.1
158.099 4568.32 23683.6 31014
158.331 4548.85 23649 30951.3
158.347 329.249 3495.96 3745.92
158.429 5992.01 29265.7 35415.2
158.441 5987.35 29252.3 35376.9
158.459 5981.97 29241.7 35345.4
158.495 5978.31 29235.2 35323.6
158.533 5973.25 29230.1 35312
158.64 5968.41 29212.5 35287.1
158.79 5961.84 29198 35266.9
158.893 5953.11 29182.7 35245.5
158.935 5941.88 29163.2 35217.1
159.039 5928.71 29141.3 35181.9
159.141 5913.64 29117.4 35140.5
159.243 5896.92 29090.3 35091.3
159.343 5878.15 29059.1 35034.9
159.446 5857.8 29023.7 34968.6
159.55 5834.96 28988.2 34902.2
159.702 5810.27 28929.5 34808.8
159.855 5781.35 28872.2 34707.2
159.872 5750.17 28813.9 34594.3
160.003 5718.67 28758 34474.7
160.056 5687.52 28703.4 34347
160.161 5658.72 28653.3 34215.5
160.258 5632.52 28608.3 34084.5
160.414 5609.95 28572.2 33955.3
160.46 5591.58 28545.9 33832.5
160.574 5577.7 28536.9 33723.4
160.665 5570.64 28506.7 33610.4
160.822 5571.21 28503.2 33505.7
160.874 5580.78 28526.2 33419.1
160.98 5601.71 28579.5 33355.2
161.177 5636.77 28666.2 33319.3
161.192 5689.16 28790.7 33316.5
161.276 288.084 2081.89 3143.51
161.379 6673.91 30231.4 34833.5
161.483 6770.05 30456.6 34921.4
161.647 6896.36 30749.1 35079.8
161.698 3588.84 22392.1 27746.7
161.886 3543.52 22423 27640.7
162.145 3509.66 22492.7 27572.1
162.161 3488.62 22585.7 27536.9
162.249 292.587 695.39 792.604
162.267 3568.32 24320.5 28444.8
162.343 3605.13 24578.9 28556.7
162.398 3669.2 24900.4 28772.9
162.554 3758.74 25284.7 29064.6
162.594 3876.95 25741.5 29441
162.7 1886.98 17244.5 20537.8
162.798 4217.5 26908 30495.9
162.955 4481.34 27731.7 31314.5
163.057 4818.78 28733.6 32366.8
163.121 5168.97 29328 32836.4
163.424 5701.58 30802 34618.2
163.485 301.764 1528.6 1561.72
163.641 310.931 895.613 1040.91
163.78 346.485 2185.99 3182.61
163.853 2450.99 26614.6 24430
163.91 220.272 10348.1 15436.1
163.993 2647.66 29014.4 29014.4
164.209 230.479 8514.01 13672.9
164.26 2800.49 34089.4 35342.4
164.363 2800.46 33512.9 34655
164.416 2806.72 32739.8 33859.3
164.575 340.501 1891.03 2327.19
164.622 4143.58 41061.8 43241.1
164.726 342.988 1953.76 2094.78
164.812 5602.4 44459 48714.8
164.914 5713.31 44774 49787
165.025 224.886 7760.42 8988.93
165.12 7608.89 61079.9 67275.1
165.232 7671.89 61542.8 67901
165.332 7690.48 61688.8 68211.7
165.433 248.725 6646.13 9079.44
165.536 7262.5 62104.5 69247.9
165.684 345.935 1156.73 1861.84
165.733 7566.87 61524 69574.5
165.84 7402.34 60838 68826.1
165.942 7210.67 60037.3 67927.1
166.299 7001.74 59174.9 66925.7
166.321 246.658 3644.8 5173.93
166.342 6699.5 59720.5 68132.3
166.369 6493.15 58897.2 67041.8
166.501 6299.07 58142.4 66011.9
166.556 6121.28 57464.9 65065.2
166.653 5967.71 56894.9 64241.8
166.753 5833.13 56414.9 63532.2
167.004 5716.43 55993.8 62903.4
167.029 5613.52 55617.6 62339.8
167.114 5526.53 55285.6 61844.3
167.259 5457.11 55029 61435.6
167.278 5403.59 54830.6 61102.3
167.367 5362.34 54672.1 60821.6
167.46 5334.39 54547.8 60596.5
167.673 210.463 17607.2 26067.7
167.778 5493.3 66474.9 71776.1
167.833 5524.77 66486.3 71702
167.877 329.051 2464.02 2838.19
168.003 7823.01 71561.5 75538.5
168.099 7917.43 71593.3 75611.4
168.188 8030.29 71704.6 75764
168.29 8163.95 71886.6 75986.6
168.447 7209.39 58294.6 62224.7
168.495 297.229 2354.22 2354.22
168.587 7061.67 58167.2 60762.1
168.945 7159.1 58263.1 60835
168.967 287.484 544.549 1247.01
169.095 7227.99 53851.6 57902.6
169.11 7274.65 51174.2 56617.3
169.198 7377.68 51080.4 56664
169.216 7494.29 51019.4 56740.7
169.302 7623.79 50984.3 56843.8
169.398 326.109 1417.42 1820.13
169.501 5574.68 38321.3 45887.9
169.598 4859.4 31889.8 37666.3
169.702 289.977 1286.31 2389.38
169.807 343.019 1452.42 2932.07
169.965 5219.35 32720.1 41111.3
170.01 5282.29 32667.9 41114.5
170.113 360.846 174.817 799.596
170.213 3669.26 28745.3 36489
170.311 3590.84 28658.9 36167.6
170.416 326.535 583.483 840.945
170.629 2882.92 27394.5 35691.1
170.654 329.508 525.064 781.818
170.725 3254.45 37916.7 44536.8
170.928 303.445 3025.58 4211.02
171.228 3259.96 42698.8 49559.4
171.244 3250.81 42624.1 49304
171.275 286.767 732.04 1735.72
171.325 3450.15 35463.1 42321.7
171.431 3431.08 35480.9 42326.9
171.58 3409.34 35497.6 42328.7
171.634 3384.8 35496.5 42299
171.787 3357.72 35487.1 42273
171.891 3327.73 35487 42258.1
171.986 3295.1 35512.2 42264.3
172.095 3259.18 35566.7 42283.5
172.345 3219.38 35674.6 42376.1
172.359 3171.38 35821.7 42414.8
172.379 3115.58 36055.6 42580.7
172.447 3055.77 36375.2 42868.8
172.611 2833.63 35728.4 41815.3
172.658 2793.61 36263.7 42457.8
172.845 2589.73 30477.8 35498.3
172.923 332.893 1057.72 1238.49
172.964 3027.21 33684.6 37956.4
173.055 3048.75 34596.2 39138.7
173.159 3104.77 35691 40690.8
173.263 3205.52 37004 42694.5
173.358 3325.24 37410.2 43841.4
173.457 3483.2 38395 38395
173.629 332.468 1405.23 2209.43
173.669 267.608 833.914 1652.62
173.825 5000.64 49570.8 49570.8
173.872 5442.39 52454.8 52454.8
173.975 5802.09 55098.3 55098.3
174.064 6196.5 57305.5 57305.5
174.172 6613.56 60219.2 60219.2
174.274 6964.12 62629.3 62629.3
174.375 7261.46 64934.7 64934.7
174.475 311.944 551.756 703.063
174.577 287.815 430.407 584.093
174.736 355.811 123.858 641.765
174.785 7509.64 69910 69910
174.938 7521.61 69926.9 69926.9
174.986 7494.6 69574.8 69574.8
175.089 215.158 3711.43 6148.14
175.242 7823.51 72444.7 72444.7
175.345 227.839 1316.91 2600.22
175.391 7810.42 72448.7 72448.7
175.496 7701.87 117181 71580.6
175.698 7590.72 114670 70705.6
175.713 7474.67 112115 69800.6
175.903 7340.29 109372 68776.9
175.953 7202.35 106379 67633.5
176 7050.98 103052 66309.1
176.111 6888.52 99428.8 64804.8
176.204 6707.79 95561.4 63115.6
176.307 6494.85 90889.6 61136
176.404 3116.09 26018.2 29216.1
176.508 2632.22 23461.9 28039.8
176.609 2613.98 22499.9 27750.5
176.718 2619.95 22680.9 28094
176.911 2242.77 20778.2 25866
177.024 296.12 4828.87 4828.87
177.04 2799.57 24947.2 27478.1
177.115 2806.58 24926.4 27605.5
177.219 337.547 240.516 488.692
177.316 2840.04 24906.4 26840.3
177.475 347.946 67.8217 551.677
177.52 2853.02 24984.1 27073
177.672 2848.54 24998.5 27106.3
177.726 314.14 1488.39 2055.4
177.829 371.167 296.218 602.214
177.931 340.87 70.5933 581.244
178.035 337.531 196.878 495.927
178.137 3063.69 28601.6 29810.4
178.293 221.191 5101.38 7869.91
178.343 217.739 5798.6 8801.75
178.582 3940.97 52756.7 59060.2
178.738 312.171 1454.46 2495
178.848 245.518 1916.16 4418.45
178.897 5035.99 70745.1 81061.4
179.1 5055.45 70795.9 81160.4
179.117 5076.5 70877 81307.8
179.249 5095.1 70965.6 81466.2
179.305 5109.58 71050.7 81618
179.403 5120.62 71136.5 81769.5
179.553 5126.72 71192.2 81867.1
179.66 5131.25 71250.8 81953.2
179.709 5133.49 71305.9 82011
179.953 5135.55 71368.9 82071.7
179.975 5134.98 71423.1 82115.4
180.011 5133.44 71476.9 82153.4
180.113 5131.15 71535 82202.5
180.209 4630.49 61465.6 77501
180.314 4620.52 61496.3 77540.1
180.412 4609.94 61521.5 77581.5
180.615 4598.69 61548.6 77627
180.682 4587.12 61574.3 77674
180.722 4574.49 61590.3 77719.4
180.826 4560.67 61592.6 77752.9
180.924 4548.1 61604.5 77797.8
181.124 4535.66 61618.2 77841.7
181.174 4522.86 61627.8 77886
181.236 330.932 12714.8 14623.3
181.326 7873.87 78758.6 95261.4
181.433 7813.11 78839.6 95327.3
181.531 328.286 24239.4 29882.9
181.73 11095.8 107981 127101
181.749 10954.2 108238 127152
181.841 10799.3 108484 127201
182.04 10636.2 108730 127252
182.056 10467.3 108978 127293
182.143 248.294 10332.7 14537.4
182.343 11237 124798 146960
182.369 11014.6 124926 147036
182.445 10784.8 125055 147096
182.547 10555.8 125244 147254
182.653 10308.7 125438 147319
182.752 10032.1 125628 147342
182.85 9724.56 125810 147319
182.956 9396.66 126004 147350
183.117 330.349 13166.5 15580.6
183.415 235.897 7805.99 9743.07
183.437 10805.8 152900 171354
183.458 10387.7 153194 171299
183.531 9965.67 153510 171280
183.574 9551.06 153860 171341
183.713 9132.35 154247 171451
183.822 304.805 1042.66 1996.77
183.866 7848.54 116682 135044
184.08 7478.04 116007 133014
184.1 6519.64 95454.1 116142
184.186 333.641 1263.56 1616.82
184.289 248.361 15826.5 20010
184.388 6763.83 99335.8 118344
184.484 6763.63 93153.3 115252
184.733 6773.98 93126.3 115214
184.839 5412.12 71266.9 96360.8
184.986 5400.92 71145.4 96155.5
185.088 5376.45 70897.8 95800.4
185.144 5343.48 70546.5 95306
185.251 247.907 6387.49 10021
185.346 5872.15 73438.5 100162
185.449 5792.05 72637.9 99088.8
185.55 5701.41 71742.8 97868.1
185.65 5596.81 70705.5 96436.2
185.758 5470.77 69287 94565.6
185.858 5304.75 67491.5 92149.2
185.959 5115.59 65474.5 89350.4
186.16 4883.24 60495.2 80769.1
186.178 4683.99 58453.6 77843.4
186.257 4422.97 55539.8 72533.4
186.368 4249.27 53649.4 69734.5
186.462 4062.46 49440.8 66014.1
186.569 3656.48 45606.4 59156.2
186.665 3561.36 44212.7 56903.4
186.776 3485.22 42933.2 54792.5
186.929 3256.56 36521.5 50139.2
187.033 3190.73 35424.7 48213.8
187.089 285.332 2016.24 1869.35
187.291 3135.07 39205.9 47504.3
187.546 287.041 437.774 893.229
187.566 3202.15 38929.7 45579
187.587 3250.51 38624.5 44668.9
187.605 3308.07 38420.2 43921
187.697 3370.31 38296.1 43319.9
187.792 3433.17 37214.7 41092.4
187.896 3481.97 34789.5 37204.2
187.99 3535.93 34829.2 37022.6
188.107 3580.78 34867.6 36884.8
188.193 3615.54 34901.9 36792.7
188.305 310.537 2548.01 3134.59
188.394 4004.77 35985.8 37550.4
188.498 329.558 839.954 975.392
188.653 4352.75 37395 38771.5
188.801 4338.49 37398.8 38816.9
188.823 330.32 2837.89 3411.01
189.009 6301.65 40604.8 42880.9
189.03 6301.15 40615.2 42984.4
189.165 6301.69 40624.7 43089
189.212 6303.16 40631.1 43183.9
189.315 6306.65 40630.5 43260
189.413 6310.74 40620.8 43312.7
189.571 6315.51 40607.3 43350
189.721 6319.6 40591.2 43373
189.744 6321.58 40573.3 43383.8
189.827 6322.98 40545.2 43378.3
189.923 6324.84 40499.6 43371.6
190.032 6315.26 40482.5 43392
190.125 6296.32 40481.2 43431
190.286 6273.79 40479.8 43477.7
190.338 4928.04 25760.5 35242.5
190.444 4945.29 25649.4 34759.2
190.536 4939.67 25644.2 34755.6
190.792 4960 25653.4 34772.4
190.937 3849.97 21600.9 32291.9
190.96 3839.19 21560.5 32213.3
190.981 3824.81 21493.6 32105.1
191.053 3808.1 21421.8 31991.3
191.207 338.516 1661.84 3210.32
191.25 4775.99 23110.2 35263.5
191.395 4751.77 23050.5 35159.6
191.46 4730.75 22999.8 35071.6
191.656 332.076 2001.28 4295.46
191.677 6163.08 25179.7 39460.6
191.76 6139.3 25134 39382.7
192.063 342.201 1848.2 4432.91
192.089 7041.63 27352.3 44007.1
192.182 7014.71 27298 43918.8
192.202 6986.36 27240.4 43824.1
192.275 6959.04 27184.4 43732.7
192.373 6931.45 27128.2 43638.5
192.466 6901.08 27066.6 43533
192.622 6871.31 27005.9 43429.2
192.666 6841.16 26944.8 43319.8
192.977 6808.74 26877.8 43202
192.994 6774.93 26804.6 43084
193.018 6731.17 26709.8 42916.4
193.081 6679.23 26599.2 42720.2
193.388 6618.26 26470.7 42491.6
193.638 6550.22 26327.5 42236.8
193.654 6476.54 26176 41978.3
193.672 6410.91 26055.5 41724.3
193.753 6359.39 25961.3 41547.7
193.911 6319.92 25890.4 41409.8
193.962 6291.48 25842.7 41305
194.059 6273.65 25816.5 41237.3
194.214 6265.73 25809.4 41206.2
194.26 6268.21 25822.2 41213.7
194.362 6278.2 25848.8 41250.9
194.523 6294.89 25889.1 41312.2
194.565 6314.32 25927.7 41383.2
194.669 6334.09 25967.8 41455.3
194.774 6352.69 26004.5 41525.8
194.869 6371.41 26040.7 41597.2
195.073 6388.9 26074.1 41663
195.096 6404.26 26101.2 41720
195.179 6416.51 26121.8 41765.6
195.276 6425.25 26135.3 41797.9
195.378 6432.07 26145 41821.6
195.48 6436.64 26151 41837.6
195.583 6438.86 26151.4 41845.3
195.737 6439.12 26147.7 41847.8
195.782 6436.47 26140.2 41835.4
195.886 6433.27 26131.5 41823
195.988 6429.35 26122.1 41805
196.086 6425.26 26112.5 41790.7
196.195 6420.1 26100.1 41770.9
196.302 6415.01 26088.6 41750.6
196.398 6410.03 26078.5 41731.3
196.549 6404.73 26068.5 41712.4
196.601 6399 26058.1 41695.8
197.003 6393.3 26048.8 41677.2
197.024 6387.97 26041.2 41658.7
197.059 6383 26034 41641.8
197.081 6378.42 26028.1 41624.6
197.119 6374.82 26023.4 41610.7
197.209 6371.36 26016.5 41596.4
197.312 6368.51 26010.3 41584.4
197.409 6366.35 26007.5 41573.6
197.517 325.873 29098 34907.1
197.613 334.054 7420.8 8136.44
197.721 7095.65 38321.8 51475.4
197.975 6352.32 25990 41520.8
197.998 6352.87 25993.7 41519.5
198.118 6353.52 25998 41518.7
198.139 6354.54 26003 41516.3
198.228 6354.02 25998.8 41507
198.327 6354.8 25996.9 41501.2
198.483 6356.45 26000.8 41500.4
198.53 6358.39 26006.3 41505.5
198.778 6359.97 26012.8 41509.9
198.798 6361.25 26018.9 41513.1
198.883 6362.52 26025.8 41518.1
198.936 305.611 1395.75 2482.65
199.093 6699.7 34805.5 48058.8
199.143 6685.95 34796.9 48061.2
199.245 6671.35 34770.3 48041.5
199.338 6596.76 34737.9 47883.4
199.442 276.044 4361.24 3503.58
199.541 6557.77 34689 47848.8
199.647 6539.7 34664.7 47830.8
199.749 6521.9 34635.5 47813
199.844 6504.13 34603 47786.3
199.955 6487.44 34568.3 47755.2
200.058 6473.05 34532.4 47722.4
200.209 6460.94 34493.9 47691.4
200.256 6331.23 26489.9 42635.8
200.358 317.833 740.705 1046.79
200.454 7024.18 28668 43955.1
200.56 6781.19 28635.9 43520.6
200.658 6787.27 28632.7 43499.9
200.767 6792.72 28623.7 43465.4
200.869 6798.29 28646 43435.3
201.033 6784.19 28590.1 43340.2
201.08 332.165 1760.91 3581.54
201.315 297.736 3244.65 3993.99
201.429 220.035 6359.54 8925.64
201.525 16181.4 35740.7 58322.6
201.627 16094.3 35677.6 58179.5
201.84 216.341 7849.22 10415.4
201.868 328.988 1182.89 2776.55
201.936 18557 38953.8 64508.6
202.131 18293.9 38718.7 64060.3
202.158 221.595 5717.44 9224.58
202.293 252.177 3936.77 7703.26
202.345 19356.3 43428.7 71696.6
202.442 17894.9 42472.7 68862.3
202.545 17256.2 41438.4 67278.1
202.65 315.233 3117.83 2870.99
202.755 318.198 3754.37 3447.06
202.85 16020.1 52640.4 71883.8
202.954 15090.2 52112.1 70208.6
203.057 14194.1 51747.2 68605.1
203.313 13001.9 50942.5 65930.5
203.34 12303.9 51012.6 64697.5
203.371 10105.3 40899.2 52990.7
203.455 9711.86 41170.8 51855.8
203.569 9432.01 41746.2 51249.8
203.663 9258.41 42602.2 50870.4
203.768 9192.62 43743.8 50727.4
203.883 244.723 5945.43 8298.16
204.03 7630.18 30926.8 47253.1
204.191 6386.12 28307.3 42425.4
204.226 6043.59 27508 41686.1
204.282 746.084 195.294 1387.15
204.428 3907.09 10822.9 27760.1
204.482 395.979 65.4394 543.218
204.584 322.504 1648.95 2266.29
204.68 3249.8 9032.99 23312.7
204.785 241.375 4883.39 7931.37
204.934 317.255 2344.02 3082.68
205 230.955 8669.8 14339.2
205.192 303.826 2154.41 2873.37
205.214 5993.28 14817.2 35314.5
205.303 300.269 2158.83 2922.94
205.424 220.734 8742.77 16427.8
205.507 9226.44 40559.6 72874.3
205.602 9285.44 41001.8 73393.3
205.764 9342.25 41429.5 73909.5
205.813 226.034 7358.29 14700.8
205.916 9562.73 47879.6 82730.9
206.112 9613.5 47960.2 82923.5
206.319 9662.2 47964.8 83019.4
206.345 9693.54 47381.6 81109.4
206.378 9598.69 41075.6 72658.8
206.423 9642.13 40792.6 71171.5
206.517 9727.73 40777.1 71080.4
206.621 9818.58 40855.1 71031.2
206.72 9879.39 41492.6 71353.4
206.922 41636.7 9667.37 71803.4
206.942 4345.88 11611.6 30405.1
207.078 4357.87 11428.7 29745.6
207.184 4360.68 11364.2 29169.3
207.282 364.507 297.143 551.946
207.333 4417.89 12562.2 29736.2
207.434 4430.76 12593.3 29733.2
207.536 4425.84 12602.3 29702.1
207.635 443.35 232.319 926.269
207.732 4144.5 12567 29586.8
207.851 346.302 289.511 558.176
207.938 5547.57 25097.6 35292.1
208.052 341.963 122.685 652.089
208.15 317.904 1476.23 3084.41
208.247 6207.73 27149.9 38944.2
208.413 342.624 1314.16 3227.94
208.476 210.041 3014.14 4993.03
208.574 8170.26 30184.6 45278.1
208.66 8163.84 30170.8 45253.2
209.015 212.151 3951.31 6709.28
209.124 488.702 258.78 1320.77
209.271 335.64 5.82593 417.549
209.298 335.76 5.82581 417.55
209.383 335.88 5.82571 417.546
209.425 335.997 5.82562 417.544
209.524 336.11 5.82564 417.54
209.628 336.216 5.82573 417.54
209.726 336.316 5.82593 417.547
209.829 336.407 5.82603 417.556
210.129 336.491 5.82613 417.561
210.152 336.566 5.8262 417.567
210.187 336.634 5.8262 417.568
210.249 336.695 5.82625 417.569
210.338 336.749 5.82618 417.565
210.502 336.798 5.82608 417.561
210.549 336.842 5.82595 417.554
210.698 336.882 5.82573 417.549
210.851 336.918 5.8255 417.541
210.88 312.826 29087.6 38370.8
210.954 365.174 1504.8 2611.4
211.122 365.23 1503.86 2611.16
211.169 365.269 1502.98 2610.95
211.261 365.294 1502.18 2610.51
211.36 365.311 1501.32 2609.65
211.457 337.132 5.82466 417.531
211.569 337.152 5.82421 417.526
211.721 337.172 5.8238 417.515
211.82 337.191 5.82333 417.499
211.872 337.209 5.82284 417.491
212.03 337.226 5.82234 417.486
212.238 218.472 8511.09 9653.02
212.268 331.19 4408.65 5315.64
212.3 365.291 1493.13 2598.91
212.383 365.258 1493.31 2598.38
212.483 365.216 1493.67 2598.15
212.588 365.172 1494.42 2597.96
212.688 365.118 1495.48 2598.74
212.79 259.844 5564.14 7772.31
212.892 371.042 1508.37 2623.79
213.095 370.95 1509.46 2624.36
213.199 370.854 1510.72 2625.08
213.228 364.757 1502.01 2602.61
213.394 364.666 1503.26 2604.19
213.507 364.57 1504.38 2604.76
213.534 364.471 1505.48 2605.57
213.603 364.359 1506.31 2606.36
213.908 364.234 1507.27 2606.93
213.932 364.092 1508.17 2607.09
213.966 363.953 1516.55 2609.28
214.132 363.956 1522.34 2625.63
214.166 364.029 1522.91 2634.08
214.242 364.12 1520.26 2633.75
214.494 212.272 3622.23 5172.74
214.595 370.343 1524.08 2640.08
214.703 370.374 1522.13 2634.14
214.849 370.369 1520.84 2631.65
214.964 370.35 1519.05 2629.86
215.107 370.298 1515.89 2625.99
215.204 370.2 1507.74 2612.2
215.311 364.031 1460.65 2565.45
215.336 337.572 5.80311 417.49
215.411 337.557 5.7935 417.256
215.516 337.539 5.78148 416.851
215.625 337.515 5.76859 416.384
215.812 337.49 5.75434 416.121
215.841 10909.3 102537 131780
215.983 11122 110683 144352
216.091 11533.7 122330 163884
216.139 266.558 18968.8 23154.7
216.231 337.225 5.53083 386.56
216.34 247.099 14733.1 17099.2
216.59 21466 291829 21466
216.622 5486.46 30971.6 47785.8
216.66 5160.57 29718.5 45766.3
216.795 4091.07 25522.2 42198.3
216.855 3818.95 24529.9 40525.2
216.998 3134.85 20133 33139.4
217.105 2897.52 19547.8 31710.6
217.211 2701.09 19062.2 30477.7
217.357 258.891 493.08 595.21
217.415 2500.91 19997 29879.6
217.512 408.343 260.703 540.256
217.57 336.114 1488.39 2133.83
217.724 342.117 1620.37 2241.86
217.768 224.614 10320.1 15478.5
217.921 3171.15 24242.1 34691.4
217.975 238.867 6635.7 10544.7
218.117 3364.58 26329.2 37875.6
218.171 3059.84 23996.5 34132.7
218.323 225.079 920.625 1826.41
218.387 3538.34 22373.6 32644.6
218.471 238.893 6947.27 11755.5
218.782 308.35 746.325 1111.71
218.81 4833.79 27725.7 40795.9
219.043 331.374 1946.81 2143.29
219.071 307.861 2101.38 2568.24
219.099 340.865 741.09 1444.67
219.146 340.82 743.628 1448.42
219.244 340.818 745.891 1452.01
219.3 340.862 748.273 1455.66
219.392 340.951 750.37 1459.07
219.495 341.086 752.458 1462.44
219.594 341.266 754.588 1465.87
219.958 341.485 756.831 1469.36
219.986 341.731 758.758 1472.72
220.012 332.116 5.09557 376.955
220.065 5304.17 24739.3 39216
220.112 5361.09 24793.2 39321.9
220.262 5413.32 24853.1 39410.5
220.371 337.049 1829.23 3162.69
220.422 342.7 756.51 1481.59
220.518 342.746 753.865 1479.88
220.625 2869.56 1896.51 2869.56
220.726 332.084 1825.42 3349.42
220.829 348.859 757.179 1511.98
221.088 215.998 2119.32 3098.14
221.123 313.652 1015.5 1984.32
221.192 368.263 1269.23 2639.78
221.246 368.164 1266.48 2635.37
221.33 368.084 1263.95 2631.33
221.442 329.191 914.7 1541.42
221.541 298.353 1429.39 3467.49
221.692 395.516 2034.03 4096.23
221.852 395.502 2032.26 4092.04
221.882 395.521 2030.78 4088.25
222 395.584 2029.78 4085.44
222.2 395.657 2028.65 4082.76
222.234 395.731 2027.81 4080.12
222.357 395.796 2025 4076.37
222.39 395.822 2021.14 4071.32
222.503 395.791 2016.13 4064.52
222.557 395.688 2009.46 4055.94
222.72 237.165 4047.3 5595.1
222.926 395.211 1992.84 4033.26
222.959 394.868 1983.2 4019.64
222.994 394.448 1971.91 4003.76
223.074 393.94 1959.63 3986.16
223.183 393.337 1946 3966.67
223.328 392.627 1927.61 3942.8
223.384 366.558 1190.17 2521.08
223.477 366.022 1178.14 2503.37
223.594 365.42 1164.92 2483.79
223.696 360.867 1055.1 2183.12
223.803 360.295 1040.79 2162.14
224.077 341.199 1694.09 2710.36
224.146 335.536 5.93117 454.422
224.247 3619.12 2593.87 3619.12
224.343 335.364 5.95719 453.962
224.45 331.49 1858.41 2064.24
224.547 335.165 5.99634 453.918
224.758 335.062 6.01695 453.962
224.787 334.961 6.03765 454.043
224.858 334.866 6.05814 454.17
225.058 334.784 6.0779 454.332
225.089 334.72 6.09979 454.564
225.169 334.676 6.09826 454.758
225.315 334.652 6.10145 454.932
225.375 334.649 6.10359 455.063
225.462 334.663 6.10511 455.154
225.568 334.69 6.10437 455.223
225.663 334.726 6.10328 455.287
225.777 334.77 6.10054 455.335
225.866 334.816 6.09686 455.375
226.028 334.864 6.09217 455.391
226.077 334.911 6.08668 455.39
226.282 334.956 6.08052 455.375
226.311 334.997 6.07456 455.343
226.383 335.035 6.06815 455.298
226.477 335.069 6.06144 455.243
226.588 335.098 6.05469 455.179
226.687 335.123 6.04829 455.115
226.786 335.144 6.04262 455.042
226.986 335.161 6.0372 454.959
227.138 335.175 6.03214 454.869
227.243 335.057 5.00813 421.133
227.348 335.063 5.00594 421.071
227.498 335.067 5.00391 421.012
227.523 335.069 5.00198 420.953
227.556 335.07 5.00016 420.897
227.606 335.069 4.99863 420.848
227.71 335.068 4.99729 420.805
227.813 239.459 2390.69 3475.17
227.958 335.193 6.01446 454.229
228.014 335.19 6.01496 454.194
228.212 335.188 6.01613 454.161
228.243 335.185 6.01767 454.149
228.368 335.183 6.01957 454.141
228.413 335.18 6.02246 454.145
228.516 335.178 6.02498 454.152
228.615 340.761 1055.23 2133.61
228.721 367.173 1275.05 2258.85
228.82 367.035 1276.75 2260.68
228.929 358.424 1277.45 2242.12
229.033 358.268 1279.57 2244.41
229.183 358.101 1281.83 2246.86
229.285 210.43 4189.26 5305.97
229.389 302.312 588.266 1261.29
229.433 405.261 1626.55 2961.8
229.536 405.147 1627.48 2962.47
229.635 365.445 1291.27 2275.3
229.832 365.17 1292.57 2276.5
229.864 326.717 1795.17 2348.72
229.951 302.93 787.606 1024.4
230.093 387.785 1614.78 2852.55
230.145 387.512 1615.75 2852.68
230.346 354.509 1296.49 2257.1
230.41 348.583 1293.56 2242.87
230.455 318.256 1025.54 1250.09
230.552 208.205 4798.95 5643.14
230.709 318.157 646.981 925.114
230.802 358.839 1307.22 2275.48
230.862 349.478 1309.26 2255.78
230.961 348.292 1313.97 2257.12
231.053 341.903 1314.14 2244.19
231.164 335.2 1305.94 2220.02
231.263 295.821 1893.38 3113.14
231.37 334.567 4.96808 375.03
231.462 7988.53 29992.4 45405.5
231.574 7407.23 29347.5 43475.4
231.735 7376.12 29312.4 43414.4
231.835 7285.2 29166 42834.1
231.888 268.878 1679.23 2914.11
232.189 324.184 489.709 789.384
232.251 352.865 133.057 673.857
232.394 330.545 1305.95 2203.26
232.522 227.472 3195.41 4892.73
232.618 376.961 1640.45 2829.54
232.668 376.765 1639.79 2827.63
232.81 376.458 1635.46 2822.34
232.863 375.954 1622.85 2805.21
233.065 218.168 5665.36 10856.7
233.097 348.576 1286.2 2200.25
233.175 340.79 1264.98 2154.38
233.269 340.508 1243.46 2123.8
233.376 340.177 1219.09 2088.07
233.47 339.8 1191.97 2048.87
233.579 339.338 1161.81 2005.44
233.676 338.836 1129.67 1959.41
233.778 334.33 1091.84 1897.08
233.937 328.479 891.092 1135.31
234.036 334.605 4.80471 372.279
234.085 6227.74 30839.3 41750.3
234.185 5558.35 29684 39453.6
234.289 5235.37 28979 38314
234.389 4962.77 28475.7 37284.6
234.492 4728.74 28035.2 36356
234.601 409.666 220.819 768.531
234.702 440.899 222.732 975.986
234.91 250.727 1530.52 1993.92
234.975 228.758 10755 14658.1
235.161 343.356 915.43 1815.86
235.191 342.697 900.202 1791.77
235.228 228.852 9172.64 13117.2
235.313 348.231 900.345 1856.79
235.409 347.605 891.081 1843.03
235.513 329.945 671.563 1337.89
235.626 234.069 8199.51 12182.9
235.72 570.23 5003.9 7013.76
235.818 242.208 6290.16 10643.8
235.926 295.02 1989.21 2496.99
236.022 1114.31 5676.42 8710.04
236.128 1121.5 5711.98 8750.32
236.227 1130.6 5758.58 8803.79
236.335 225.214 1111.61 2240.47
236.432 326.52 1223.54 1653.81
236.53 328.358 1574.78 2059.96
236.637 1546.3 6618.45 10877.4
236.732 1560.3 6673.98 10948.8
236.926 1573.4 6718.65 11012.9
236.997 1589.76 6717.47 11061.6
237.09 1610.92 6743.41 11129.9
237.157 1637.47 6804.9 11216.9
237.294 551.507 3397.89 6285.32
237.658 311.761 1974.26 3051.47
237.689 442.551 2346.15 4269.78
237.722 355.01 939.54 1927.12
237.858 356.821 941.371 1936.34
237.892 351.752 933.687 1845.35
237.923 345.892 715.729 1435.7
237.967 5409.58 26169.1 37086.9
238.265 5444.51 26289.3 37090
238.295 5477.65 26393.9 37023.5
238.327 4992.26 25780.1 34933.2
238.381 320.122 1630.66 2779.73
238.468 333.072 5.28275 373.319
238.574 496.679 230.784 1122.18
238.672 5981.03 29253.9 40781
238.834 367.314 189.05 806.89
238.879 5998.37 29223.1 40868.8
238.979 5954.36 29164 40785.8
239.134 289.914 570.463 1346.68
239.191 276.544 1539.91 2941.54
239.331 6944.91 30153.1 43025.5
239.39 6904.53 30111.5 42929.8
239.601 6864.7 30066.5 42827.9
239.63 6826.54 30020 42724
239.738 6789.8 29972.7 42619.9
239.805 230.237 6741.33 8459.69
240.115 254.041 922.573 1492.76
240.149 258.366 1039.09 1703.29
240.189 330.978 947.18 1201.73
240.363 415.542 2098.02 3721.84
240.395 414.888 2080.61 3699.44
240.427 364.579 784.446 1709.05
240.517 364.344 778.859 1701.2
240.82 364.058 772.92 1692.79
240.851 363.717 766.627 1683.82
240.881 363.322 759.938 1674.23
240.979 362.863 752.454 1663.42
241.184 356.326 673.693 1452.43
241.215 335.937 41.4866 532.893
241.528 335.935 41.0258 531.908
241.562 335.92 40.5543 530.816
241.595 335.891 40.0778 529.64
241.627 335.243 5.20856 416.896
241.741 335.197 5.17997 416.454
241.78 271.957 1042.98 1472.02
241.887 335.074 5.12281 415.495
241.939 216.528 2297.1 3010.97
242.04 335.489 36.791 521.326
242.183 334.737 4.40246 385.128
242.248 302.56 781.94 1315.27
242.444 334.509 4.35629 384.122
242.506 334.203 4.33668 363.48
242.561 339.371 1562.29 2243.97
242.647 334.166 4.76426 409.857
242.744 245.271 5666.81 7282.52
242.858 333.835 4.6792 408.036
242.949 333.661 4.63876 407.29
243.058 333.484 4.58258 406.226
243.218 237.99 7431.52 9561.7
243.308 256.323 9065.58 12825.6
243.458 342.781 176.644 421.506
243.488 332.671 4.03725 376.911
243.558 5167.25 38893.4 43132.9
243.712 5174.25 40552.6 44452.9
243.855 256.962 5350.65 7769.37
243.894 337.363 2137.55 2924.93
243.977 337.296 2098.67 2838.25
244.063 1251.81 5639.69 14816.9
244.322 238.391 1565.61 2425.94
244.343 1213 5124.61 13864.2
244.416 1070.35 4440.85 12294
244.485 334.168 1683.2 2339.21
244.581 333.608 1415.64 1936.24
244.727 1090.38 4476.69 12606.4
244.835 932.238 3981.43 11051.1
244.931 278.425 2128.65 3253.04
245.054 335.488 29.9866 404.699
245.147 1044.39 4187.69 11016.6
245.504 980.196 3977.55 10428.2
245.529 220.526 2035.38 3137.69
245.554 262.124 736.004 1498.8
245.577 963.616 3893.73 10458.1
245.674 219.428 2274.79 3526.89
245.728 469.478 235.032 978.547
245.816 916.35 3972.01 10612.8
245.918 253.965 1177.36 2177.01
246.119 869.155 3595.43 9953.53
246.144 843.404 3512.7 9755.44
246.228 820.303 3438.56 9576.64
246.323 744.257 3245.75 8908.12
246.423 727.883 3187.3 8769.18
246.522 707.55 3120.57 8520.37
246.626 694.31 3072.65 8407.56
246.986 668.871 2842.11 7820.15
247.01 658.414 2806.65 7737.54
247.04 649.122 2775.49 7666.37
247.097 621.083 2666.11 7352.07
247.149 613.954 2642.65 7300
247.386 607.422 2621.49 7252.99
247.41 601.499 2602.75 7212.02
247.497 596.112 2586.03 7175.56
247.594 591.295 2571.65 7145.32
247.649 271.8 1783.35 2123.92
247.745 1016.93 3255.96 8002.62
