Time State
8.43086 0
8.58462 0
8.63368 0
8.73546 0
8.8342 0
8.93856 0
9.03736 0
9.13889 0
9.23855 0
9.40545 0
9.49624 0
9.54876 0
9.64941 0
9.76006 0
9.84808 0
9.95531 0
10.1003 0
10.1613 0
10.2536 0
10.3559 0
10.4563 0
10.5608 0
10.6626 0
10.7599 0
10.8581 0
10.9642 0
11.0691 0
11.1641 0
11.2623 0
11.427 0
11.468 0
11.5707 0
11.6692 0
11.7704 0
11.9239 0
11.9729 0
12.074 0
12.2308 0
12.3276 0
12.3833 0
12.4841 0
12.5796 0
12.7456 0
12.7895 0
12.8898 0
12.9874 0
13.1494 0
13.1895 0
13.3935 0
13.594 0
13.6071 0
13.6226 0
13.8498 0
13.8593 0
13.9462 0
14.1002 0
14.1104 0
14.2024 0
14.4056 0
14.4202 0
14.5034 0
14.6626 0
14.7058 0
14.8026 0
14.9046 0
15.1799 0
15.2099 0
15.2434 0
15.5557 0
15.8701 0
16.1545 0
16.4397 0
16.5429 0
16.5749 0
16.7302 0
16.7449 0
16.7633 0
16.781 0
16.7958 0
16.8265 0
16.9681 0
16.9786 0
17.0105 0
17.1043 0
17.2269 0
17.5218 0
17.5349 0
17.6213 0
17.6764 0
17.7686 0
17.8714 0
17.9741 0
18.1246 0
18.2768 0
18.3763 0
18.3875 0
18.4814 0
18.5793 0
18.7319 0
18.7918 0
18.8901 0
18.9859 0
19.0988 0
19.2421 0
19.3941 0
19.4494 0
19.6551 0
19.6695 0
19.7127 0
19.8049 0
19.9055 0
20.0097 0
20.266 0
20.3784 0
20.3966 0
20.5248 0
20.5432 0
20.627 0
20.7821 0
20.8392 0
20.9265 0
21.0345 0
21.1307 0
21.2383 0
21.3341 0
21.4876 0
21.5374 0
21.6368 0
21.739 0
21.8468 0
21.9415 0
22.0432 0
22.1452 0
22.3057 0
22.3505 0
22.4538 0
22.5593 0
22.759 0
22.8056 0
22.9021 0
22.956 0
23.0566 0
23.4238 0
23.4337 0
23.4466 0
23.4704 0
23.571 0
23.7721 0
23.7824 0
23.8718 0
23.9701 0
24.1185 0
24.1713 0
24.3721 0
24.3829 0
24.4808 0
24.5752 0
24.7351 0
24.7863 0
24.8855 0
24.9809 0
25.1307 0
25.2871 0
25.2976 0
25.39 0
25.8475 0
25.8579 0
25.8697 0
25.8851 0
25.9063 0
25.9983 0
26.1523 0
26.3045 0
26.3131 0
26.6199 0
26.6308 0
26.6449 0
26.7219 0
26.8115 0
27.0992 0
27.1836 0
27.3361 0
27.3955 0
27.4936 0
27.5897 0
27.748 0
27.798 0
27.9009 0
27.9983 0
28.1017 0
28.2057 0
28.3045 0
28.4082 0
28.6082 0
28.6192 0
28.8155 0
28.8264 0
28.9103 0
29.1123 0
29.1228 0
29.2184 0
29.3699 0
29.4351 0
29.5746 0
29.6321 0
29.7762 0
29.8931 0
29.9344 0
30.0339 0
30.1318 0
30.2392 0
30.3327 0
30.4938 0
30.5895 0
30.6967 0
30.7446 0
30.8448 0
30.9427 0
31.044 0
31.1546 0
31.2468 0
31.4512 0
31.4607 0
31.558 0
31.7028 0
31.7617 0
31.8542 0
31.9642 0
32.1091 0
32.216 0
32.262 0
32.422 0
32.4769 0
32.5713 0
32.7779 0
32.7863 0
32.8781 0
32.9781 0
33.0832 0
33.2441 0
33.3032 0
33.4423 0
33.4976 0
33.6943 0
33.7636 0
33.8092 0
33.9031 0
34.2052 0
34.7162 0
34.7311 0
34.7462 0
34.7695 0
34.781 0
34.7917 0
34.8684 0
34.9729 0
35.0735 0
35.1736 0
35.3356 0
35.3765 0
35.4781 0
35.6319 0
35.9354 0
35.9504 0
35.9616 0
35.9916 0
36.1029 0
36.1949 0
36.3047 0
36.5939 0
36.6061 0
36.6269 0
36.6949 0
36.7907 0
36.9587 0
37.0522 0
37.3019 0
37.3088 0
37.3154 0
37.5029 0
37.51 0
37.6562 0
37.7102 0
37.8042 0
37.9081 0
38.012 0
38.1222 2
38.236 2
38.3205 2
38.6296 2
38.6399 0
38.7744 0
38.8372 0
39.0831 0
39.0948 0
39.1067 2
39.1794 0
39.2922 0
39.3366 0
39.5409 0
39.5987 0
39.6461 0
39.7426 2
39.8445 0
39.9441 0
40.0446 0
40.1523 0
40.305 2
40.3485 0
40.454 2
40.6585 2
40.6698 2
40.7594 0
40.8516 0
40.9737 2
41.0586 0
41.1653 0
41.2576 0
41.6607 0
41.67 0
41.6828 2
42.0743 0
42.0852 2
42.0967 0
42.113 2
42.1309 0
42.1747 0
42.3318 0
42.4261 0
42.5814 0
42.5916 0
42.6785 0
42.7783 0
42.8823 0
42.9794 0
43.0881 0
43.1866 0
43.2921 0
43.3895 0
43.5446 0
43.5952 0
43.6983 0
43.7924 0
43.9011 0
43.9982 0
44.1012 0
44.2531 0
44.3076 0
44.4035 0
44.5093 0
44.607 0
44.759 0
44.8173 0
44.9109 0
45.0141 0
45.2152 0
45.2276 0
45.4768 0
45.5739 0
45.5829 0
45.6243 0
45.7229 0
45.8294 0
45.9299 0
46.0332 0
46.1344 0
46.293 0
46.333 0
46.4339 0
46.6376 0
46.6983 0
46.7854 2
46.8472 2
46.9427 0
47.0436 0
47.1929 0
47.3 2
47.5035 0
47.5152 0
47.6008 0
47.7143 0
48.0022 0
48.0175 0
48.0359 0
48.3588 0
48.4602 0
48.4716 0
48.4826 0
48.5036 0
48.5715 0
48.7212 0
48.7793 0
48.8755 0
48.9721 0
49.0747 0
49.1812 0
49.2792 0
49.4339 0
49.4783 2
49.6425 2
49.7304 0
50.0355 0
50.0481 0
50.0591 0
50.1825 0
50.193 0
50.3011 2
50.5421 2
50.5598 0
50.5921 0
50.6992 2
50.8486 2
50.8987 0
50.9945 0
51.2061 0
51.256 0
51.3063 0
51.4551 0
51.6054 0
51.6218 2
51.7108 2
51.8174 0
51.9123 2
52.0218 2
52.1167 0
52.2239 2
52.3184 0
52.4238 0
52.523 2
52.6751 2
52.9305 0
52.953 0
52.9742 0
53.0869 2
53.189 2
53.2442 0
53.3359 0
53.44 0
53.5468 2
53.6431 2
53.845 0
53.9567 2
53.9807 2
54.1062 0
54.1607 2
54.303 0
54.4095 0
54.4559 2
54.5594 0
54.7046 0
54.7662 2
54.864 0
54.9584 0
55.0551 0
55.1613 0
55.3289 2
55.3768 2
55.4665 0
55.5741 0
55.7795 0
55.8105 2
55.9474 0
56.0411 0
56.2304 2
56.3298 2
56.4946 2
56.5294 2
56.6405 0
56.7843 2
56.843 2
56.9365 0
57.0399 0
57.1362 0
57.2941 0
57.4067 2
57.4475 0
57.6002 2
57.7105 2
57.7597 2
57.8578 0
57.9571 0
58.0595 0
58.1601 0
58.2588 2
58.3642 0
58.4621 0
58.6255 0
58.6701 0
58.8178 0
58.8678 0
58.9748 0
59.0713 0
59.1795 0
59.3254 0
59.4763 0
59.5281 0
59.7856 0
59.8129 0
59.8422 0
59.9345 0
59.9855 0
60.1397 0
60.1961 0
60.2895 0
60.3922 2
60.5091 2
60.593 2
60.7055 2
60.86 2
60.9085 0
61.0047 0
61.1049 0
61.2034 2
61.3083 2
61.4617 0
61.5623 0
61.6178 2
61.7209 2
61.8151 0
61.915 0
62.0203 2
62.1761 0
62.224 0
62.3225 2
62.4815 0
62.6906 2
62.7301 0
62.7674 2
62.8406 2
63.0821 0
63.1806 0
63.34 0
63.4491 0
63.4914 0
63.5927 2
63.6945 0
63.9492 0
63.9729 0
64.0539 0
64.1071 0
64.2045 0
64.3095 2
64.4045 0
64.6101 0
64.7085 0
64.7382 0
64.8146 0
64.9097 0
65.0129 0
65.1134 0
65.2154 0
65.3139 0
65.4866 2
65.5328 2
65.7229 0
65.7545 0
65.8765 0
65.9407 0
66.0395 0
66.1361 2
66.2996 2
66.388 0
66.444 2
66.5423 0
66.648 2
66.7957 0
66.9578 0
67.0105 0
67.1001 0
67.159 2
67.2533 0
67.5614 2
67.5938 0
67.6586 0
67.7625 0
67.817 0
67.9601 0
67.9897 0
68.0711 0
68.166 0
68.3233 0
68.3731 0
68.4652 0
68.5777 0
68.6718 0
68.7762 0
68.8771 0
68.9769 0
69.0733 0
69.1831 0
69.2762 0
69.5286 0
69.5559 0
69.887 2
69.9106 0
69.9438 0
69.977 0
70.0053 0
70.092 0
70.1892 0
70.2931 0
70.4484 0
70.5513 0
70.5948 0
70.7008 0
70.7952 0
70.907 0
71.0123 0
71.1076 0
71.3477 0
71.4514 0
71.5687 0
71.6513 0
71.8143 0
71.86 0
71.978 0
72.0621 0
72.174 0
72.2677 0
72.3719 0
72.4689 0
72.5769 0
72.7257 0
72.7801 0
72.8771 0
72.9754 0
73.0732 0
73.1781 0
73.3831 0
73.5316 0
73.5576 0
73.6424 0
73.7903 0
73.8171 0
73.8889 0
73.9876 0
74.094 0
74.196 0
74.2987 0
74.3989 0
74.5002 0
74.7085 0
74.736 0
74.8025 0
74.907 0
75.0053 0
75.2084 0
75.2356 0
75.3142 0
75.41 0
75.5134 0
75.6113 0
75.7756 0
75.8257 0
75.9216 2
76.0168 0
76.1183 0
76.2359 2
76.4278 0
76.4525 0
76.5802 0
76.6424 0
76.7281 0
76.9339 0
76.9672 0
77.0381 0
77.1368 0
77.2489 0
77.3465 2
77.5157 0
77.55 0
77.6478 0
77.7537 2
77.9033 2
77.9535 2
78.0504 0
78.1763 0
78.3162 0
78.513 2
78.606 2
78.7071 0
78.8104 0
78.9115 0
79.0209 0
79.119 0
79.2192 0
79.3735 0
79.4269 0
79.5269 0
79.6301 0
79.7859 2
79.834 0
79.9281 0
80.0933 0
80.1571 2
80.253 0
80.3422 0
80.5506 0
80.646 0
80.762 0
80.8156 0
80.9059 0
80.9627 2
81.1143 0
81.1686 2
81.3194 0
81.4638 0
81.5267 2
81.5927 2
81.6717 0
81.7701 0
81.8702 2
81.9815 2
82.0702 0
82.1997 2
82.283 2
82.3848 0
82.5375 0
82.592 2
82.6957 2
82.8408 0
82.888 0
82.9902 2
83.0929 0
83.1916 0
83.2933 0
83.3897 0
83.5943 0
83.6279 0
83.7079 0
83.7931 0
83.9562 0
84.2086 0
84.2432 0
84.2739 0
84.4145 0
84.4494 0
84.5156 0
84.6191 2
84.9435 0
84.9763 0
85.0112 0
85.0411 0
85.1341 0
85.2331 0
85.3265 0
85.4299 2
85.5259 0
85.6429 0
85.7399 2
85.8413 2
85.9373 0
86.0388 0
86.1409 0
86.2617 0
86.3479 0
86.6448 0
86.7928 0
86.827 0
87.0522 0
87.1034 0
87.1388 0
87.1992 0
87.3032 0
87.6586 0
87.8081 0
87.963 0
87.9988 0
88.0371 0
88.0734 0
88.1064 0
88.1382 0
88.3187 0
88.3556 0
88.4767 0
88.5745 0
88.6709 0
88.7347 0
88.8324 0
88.9282 0
89.0838 0
89.2383 0
89.2768 0
89.3838 0
89.4453 0
89.5894 0
89.6374 0
89.7929 0
89.8917 0
89.9464 0
90.0488 0
90.1443 0
90.2476 0
90.399 0
90.5566 0
90.6592 0
90.6949 0
90.7683 0
90.9133 0
90.9655 0
91.0604 0
91.1634 0
91.276 2
91.414 0
91.4674 2
91.5715 2
91.8176 0
91.854 0
91.9247 0
91.982 0
92.0809 0
92.1886 0
92.2771 0
92.4798 0
92.523 0
92.5902 0
92.7976 0
92.836 0
92.9477 2
92.9935 0
93.0963 0
93.1887 0
93.2982 0
93.4093 0
93.5088 0
93.8754 0
93.9012 2
93.9847 0
94.085 0
94.191 0
94.3423 0
94.4479 0
94.5464 0
94.5997 0
94.705 0
94.8122 0
94.9068 0
95.0075 0
95.1148 2
95.2549 0
95.3133 0
95.4101 0
95.5119 0
95.6132 0
95.7176 0
95.8206 2
95.9185 0
96.0273 0
96.1228 0
96.2306 0
96.3295 0
96.4321 0
96.5837 2
96.7307 0
96.7596 0
96.9326 0
96.9606 0
97.041 0
97.1356 0
97.2437 2
97.4482 2
97.4856 0
97.5532 2
97.6614 2
97.8509 0
97.8821 0
97.9588 2
98.056 2
98.1811 2
98.2614 0
98.3691 2
98.4616 0
98.5655 0
98.7729 0
98.8108 0
98.882 2
98.9754 0
99.0784 0
99.23 0
99.2917 2
99.3808 0
99.5395 0
99.6391 0
99.6901 0
99.7892 0
99.9368 0
99.9951 0
100.1 0
100.241 0
100.295 0
100.858 0
100.89 2
100.916 0
100.953 0
100.984 0
101.013 2
101.049 0
101.119 0
101.215 0
101.33 0
101.422 0
101.746 0
101.848 0
101.904 0
102.004 0
102.105 0
102.21 0
102.319 0
102.609 0
102.642 0
102.677 0
102.722 0
102.82 0
102.918 0
103.015 0
103.124 0
103.225 0
103.525 0
103.558 0
103.591 2
103.644 0
103.738 2
103.84 0
104.15 0
104.182 0
104.248 0
104.28 0
104.349 0
104.45 0
104.552 0
104.655 0
104.807 0
104.911 0
104.962 0
105.106 0
105.166 0
105.252 0
105.359 0
105.463 0
105.662 0
105.738 0
105.969 2
105.998 0
106.034 0
106.094 0
106.181 0
106.279 0
106.381 0
106.483 0
106.589 2
106.739 2
106.787 0
106.89 0
106.986 0
107.143 0
107.193 0
107.388 0
107.421 0
107.503 0
107.598 0
107.764 0
107.914 0
107.962 2
108.083 2
108.128 0
108.217 0
108.37 2
108.42 2
108.518 0
108.629 0
108.739 2
108.831 0
109.105 0
109.203 0
109.322 2
109.408 0
109.519 0
109.614 0
109.818 0
109.92 0
110.026 0
110.073 2
110.126 0
110.234 0
110.431 0
110.47 0
110.595 0
110.74 0
110.837 0
110.878 0
110.942 0
111.098 0
111.147 0
111.246 0
111.343 0
111.546 0
111.585 0
111.652 0
111.857 0
111.907 0
112.014 0
112.071 2
112.161 0
112.259 2
112.365 2
112.56 0
112.637 0
112.67 0
112.873 0
112.913 0
112.976 0
113.077 2
113.173 0
113.55 2
113.59 0
113.635 2
113.669 0
113.706 0
113.846 0
113.893 0
113.988 0
114.09 0
114.291 0
114.331 0
114.388 0
114.496 0
114.591 0
115.002 0
115.041 0
115.072 2
115.106 2
115.137 2
115.205 0
115.309 2
115.408 2
115.575 2
115.665 0
115.717 0
115.826 0
115.922 0
116.022 0
116.117 0
116.223 0
116.322 0
116.432 2
116.526 0
116.835 0
116.861 0
116.898 0
116.937 0
117.042 0
117.139 0
117.245 0
117.342 0
117.498 0
117.55 0
117.647 0
117.745 0
117.949 0
118.102 0
118.128 0
118.161 0
118.259 0
118.411 0
118.46 0
118.665 0
118.696 0
118.777 0
118.865 0
119.03 0
119.077 0
119.179 0
119.273 0
119.381 0
119.476 0
119.58 0
119.682 0
119.79 0
119.886 2
119.993 0
120.092 0
120.189 0
120.289 0
120.397 0
120.544 0
120.656 0
120.711 0
120.801 0
120.965 0
121.008 0
121.107 0
121.205 0
121.312 0
121.408 0
121.625 0
121.675 0
121.77 0
121.818 2
121.922 0
122.02 0
122.127 0
122.224 0
122.325 0
122.426 0
122.523 0
122.68 0
122.788 0
122.834 0
122.942 2
123.039 0
123.132 0
123.239 0
123.338 2
123.443 0
123.652 0
123.686 0
123.746 0
123.906 2
123.955 0
124.06 0
124.212 0
124.26 0
124.36 2
124.562 0
124.588 0
124.863 0
124.903 2
125.035 0
125.061 0
125.093 0
125.176 0
125.276 0
125.376 0
125.475 0
125.781 0
125.807 2
125.893 2
125.981 2
126.01 2
126.092 2
126.195 0
126.295 2
126.697 2
126.724 0
126.755 0
126.784 2
126.807 2
126.949 2
127.048 2
127.158 0
127.202 2
127.306 2
127.463 2
127.557 2
127.658 2
127.719 2
127.873 2
127.915 2
128.072 2
128.119 2
128.216 3
128.318 3
128.478 3
128.578 3
128.676 3
128.725 3
128.823 1
128.921 1
129.026 1
129.13 1
129.231 1
129.389 1
129.492 1
129.581 3
129.762 3
129.858 1
129.916 1
130.147 1
130.208 3
130.311 3
130.408 1
130.571 3
130.663 1
130.724 1
130.862 1
130.995 1
131.078 1
131.129 1
131.489 1
131.507 3
131.585 1
131.738 1
131.794 1
131.895 1
131.99 1
132.094 1
132.193 1
132.354 1
132.508 1
132.855 0
132.875 0
132.902 0
132.925 0
132.965 0
133.118 0
133.138 0
133.218 0
133.315 0
133.524 0
133.678 0
133.697 0
133.92 0
133.937 2
133.962 0
134.031 0
134.126 0
134.23 0
134.327 0
134.476 0
134.585 2
134.647 2
134.785 0
134.843 2
134.988 0
135.191 2
135.212 0
135.246 0
135.344 0
135.446 0
135.55 0
135.755 0
135.77 0
135.857 0
135.958 0
136.114 0
136.219 0
136.261 0
136.522 0
136.54 0
136.629 0
136.677 0
136.849 2
136.938 0
136.983 0
137.084 0
137.248 0
137.304 0
137.389 0
137.535 0
137.64 0
137.694 0
137.841 0
137.944 0
137.993 0
138.104 0
138.2 0
138.302 0
138.396 0
138.555 0
138.655 0
138.707 0
138.81 0
138.912 0
139.214 0
139.228 0
139.247 0
139.367 0
139.426 0
139.518 0
139.623 0
139.722 0
139.883 0
140.191 0
140.207 0
140.228 0
140.246 0
140.339 0
140.444 0
140.639 0
140.706 0
140.847 0
140.862 0
140.949 0
141.048 0
141.307 0
141.325 0
141.358 0
141.61 0
141.627 0
141.663 0
141.76 0
141.857 0
141.966 0
142.119 0
142.166 0
142.263 0
142.519 0
142.534 0
142.574 0
142.669 0
142.773 0
143.228 0
143.245 0
143.283 0
143.3 0
143.319 0
143.379 0
143.481 0
143.734 0
143.752 0
143.79 0
143.891 0
143.991 0
144.144 0
144.194 0
144.301 0
144.397 0
144.505 0
144.852 0
144.867 0
144.886 0
144.958 0
145.009 0
145.115 2
145.21 0
145.411 0
145.473 0
145.513 0
145.665 0
145.776 0
145.82 0
145.916 0
146.024 0
146.118 0
146.225 0
146.385 0
146.436 0
146.578 0
146.686 0
146.733 2
146.883 0
146.94 2
147.039 0
147.139 2
147.242 0
147.344 2
147.441 0
147.548 2
147.641 0
147.814 0
147.959 2
148.014 0
148.212 0
148.317 2
148.422 0
148.522 2
148.723 0
148.781 0
148.876 0
148.935 2
149.036 2
149.15 0
149.246 2
149.342 0
149.588 2
149.739 2
149.89 0
149.952 0
150.043 2
150.099 0
150.193 0
150.397 0
150.413 0
150.854 2
150.87 0
150.896 0
151.113 0
151.128 0
151.258 0
151.41 0
151.475 2
151.492 0
151.513 2
151.529 0
151.719 0
151.733 0
151.82 0
152.081 0
152.097 0
152.125 0
152.232 0
152.378 2
152.443 0
152.531 0
152.64 0
152.733 0
152.836 0
152.948 0
153.142 0
153.242 0
153.257 2
153.551 0
153.566 0
153.586 0
153.653 0
153.752 0
153.856 0
153.96 0
154.058 0
154.168 0
154.265 0
154.374 0
154.624 0
154.644 0
154.73 2
154.78 0
154.88 0
154.982 0
155.086 0
155.182 0
155.28 0
155.484 0
155.5 0
155.593 2
155.693 0
155.79 0
155.993 0
156.006 0
156.137 0
156.207 2
156.303 0
156.509 0
156.525 0
156.607 0
156.707 0
156.861 0
156.916 2
157.007 0
157.162 0
157.216 0
157.31 0
157.574 0
157.588 0
157.875 0
158.086 0
158.1 0
158.331 0
158.347 2
158.429 0
158.442 0
158.459 0
158.495 0
158.533 0
158.641 0
158.79 0
158.893 0
158.935 0
159.039 0
159.143 0
159.243 0
159.344 0
159.447 0
159.55 0
159.702 0
159.855 0
159.873 0
160.003 0
160.056 0
160.162 0
160.258 0
160.414 0
160.46 0
160.575 0
160.666 0
160.823 0
160.874 0
160.98 0
161.177 0
161.192 0
161.276 2
161.38 0
161.483 0
161.647 0
161.698 0
161.886 0
162.145 0
162.161 0
162.249 2
162.268 0
162.343 0
162.398 0
162.554 0
162.594 0
162.7 0
162.798 0
162.956 0
163.058 0
163.121 0
163.424 0
163.485 2
163.641 2
163.78 2
163.853 0
163.911 2
163.993 0
164.21 2
164.26 0
164.364 0
164.416 0
164.575 2
164.622 0
164.726 2
164.812 0
164.914 0
165.025 2
165.12 0
165.232 0
165.332 0
165.433 2
165.536 0
165.686 2
165.733 0
165.84 0
165.942 0
166.299 0
166.321 2
166.343 0
166.369 0
166.502 0
166.556 0
166.654 0
166.754 0
167.006 0
167.029 0
167.114 0
167.259 0
167.278 0
167.368 0
167.46 0
167.674 2
167.778 0
167.833 0
167.877 2
168.003 0
168.099 0
168.188 0
168.291 0
168.447 0
168.495 2
168.587 0
168.947 0
168.968 2
169.095 0
169.11 0
169.198 0
169.217 0
169.303 0
169.399 2
169.502 0
169.599 0
169.702 2
169.807 2
169.965 0
170.01 0
170.113 2
170.213 0
170.311 0
170.416 2
170.629 0
170.654 2
170.725 0
170.928 2
171.228 0
171.244 0
171.275 2
171.326 0
171.432 0
171.58 0
171.634 0
171.788 0
171.891 0
171.986 0
172.095 0
172.345 0
172.359 0
172.38 0
172.447 0
172.612 0
172.658 0
172.846 0
172.923 2
172.964 0
173.056 0
173.159 0
173.263 0
173.359 0
173.457 0
173.629 2
173.67 2
173.826 0
173.872 0
173.975 0
174.064 0
174.172 0
174.274 0
174.375 0
174.475 2
174.578 2
174.736 2
174.785 0
174.94 0
174.986 0
175.09 2
175.243 0
175.346 2
175.391 0
175.496 0
175.698 0
175.713 0
175.903 0
175.953 0
176.001 0
176.111 0
176.204 0
176.307 0
176.404 0
176.508 0
176.609 0
176.72 0
176.911 0
177.024 2
177.04 0
177.116 0
177.219 2
177.317 0
177.475 2
177.52 0
177.672 0
177.727 2
177.83 2
177.931 2
178.035 2
178.137 0
178.293 2
178.343 2
178.582 0
178.738 2
178.848 2
178.898 0
179.1 0
179.117 0
179.249 0
179.305 0
179.403 0
179.553 0
179.66 0
179.709 0
179.953 0
179.975 0
180.012 0
180.113 0
180.21 0
180.314 0
180.412 0
180.618 0
180.682 0
180.722 0
180.827 0
180.925 0
181.124 0
181.174 0
181.236 2
181.326 0
181.434 0
181.531 2
181.73 0
181.75 0
181.841 0
182.04 0
182.057 0
182.143 2
182.343 0
182.369 0
182.445 0
182.547 0
182.653 0
182.752 0
182.85 0
182.956 0
183.118 2
183.416 2
183.438 0
183.458 0
183.531 0
183.574 0
183.713 0
183.822 2
183.866 0
184.08 0
184.1 0
184.187 2
184.289 2
184.389 0
184.484 0
184.733 0
184.839 0
184.987 0
185.088 0
185.144 0
185.251 2
185.347 0
185.449 0
185.55 0
185.65 0
185.758 0
185.858 0
185.96 0
186.16 0
186.178 0
186.258 0
186.369 0
186.462 0
186.57 0
186.665 0
186.776 0
186.93 0
187.033 0
187.089 2
187.291 0
187.546 2
187.567 0
187.587 0
187.606 0
187.697 0
187.792 0
187.896 0
187.99 0
188.107 0
188.193 0
188.305 2
188.394 0
188.498 2
188.653 0
188.801 0
188.823 2
189.009 0
189.03 0
189.165 0
189.212 0
189.315 0
189.413 0
189.571 0
189.721 0
189.745 0
189.827 0
189.924 0
190.032 0
190.125 0
190.287 0
190.338 0
190.444 0
190.537 0
190.792 0
190.937 0
190.96 0
190.981 0
191.053 0
191.208 2
191.25 0
191.395 0
191.46 0
191.656 2
191.68 0
191.76 0
192.063 2
192.089 0
192.182 0
192.202 0
192.276 0
192.373 0
192.467 0
192.624 0
192.666 0
192.977 0
192.994 0
193.018 0
193.081 0
193.388 0
193.638 0
193.654 0
193.672 0
193.753 0
193.911 0
193.962 0
194.059 0
194.215 0
194.26 0
194.362 0
194.524 0
194.566 0
194.669 0
194.774 0
194.869 0
195.074 0
195.096 0
195.179 0
195.276 0
195.378 0
195.48 0
195.583 0
195.737 0
195.782 0
195.886 0
195.988 0
196.086 0
196.195 0
196.302 0
196.398 0
196.549 0
196.603 0
197.004 0
197.025 0
197.059 0
197.081 0
197.119 0
197.209 0
197.313 0
197.409 0
197.517 2
197.613 2
197.721 0
197.975 0
197.998 0
198.118 0
198.139 0
198.229 0
198.327 0
198.483 0
198.531 0
198.778 0
198.798 0
198.884 0
198.936 2
199.094 0
199.143 0
199.245 0
199.339 0
199.442 2
199.542 0
199.647 0
199.749 0
199.844 0
199.955 0
200.058 0
200.209 0
200.256 0
200.358 2
200.454 0
200.56 0
200.658 0
200.767 0
200.869 0
201.034 0
201.08 2
201.315 2
201.43 2
201.525 0
201.627 0
201.841 2
201.87 2
201.936 0
202.131 0
202.158 2
202.293 2
202.345 0
202.442 0
202.546 0
202.651 2
202.756 2
202.85 0
202.954 0
203.058 0
203.313 0
203.34 0
203.372 0
203.455 0
203.569 0
203.663 0
203.768 0
203.883 2
204.03 0
204.191 0
204.227 0
204.283 2
204.429 0
204.482 2
204.584 2
204.68 0
204.785 2
204.934 2
205 2
205.193 2
205.216 0
205.303 2
205.424 2
205.507 0
205.603 0
205.764 0
205.813 2
205.917 0
206.112 0
206.319 0
206.345 0
206.378 0
206.423 0
206.517 0
206.621 0
206.72 0
206.922 0
206.944 0
207.079 0
207.184 0
207.282 2
207.333 0
207.434 0
207.537 0
207.635 2
207.733 0
207.853 2
207.939 0
208.052 2
208.151 2
208.247 0
208.414 2
208.478 2
208.574 0
208.66 0
209.016 2
209.124 2
209.271 2
209.298 2
209.383 2
209.425 2
209.524 2
209.628 2
209.726 2
209.83 2
210.129 3
210.152 3
210.187 3
210.25 3
210.338 3
210.502 3
210.549 3
210.699 3
210.851 3
210.881 3
210.954 3
211.122 3
211.169 3
211.261 3
211.361 3
211.457 3
211.569 3
211.722 3
211.821 3
211.872 3
212.03 3
212.238 3
212.268 3
212.3 3
212.383 3
212.483 3
212.588 3
212.688 3
212.79 3
212.893 3
213.095 3
213.199 3
213.228 3
213.394 3
213.507 3
213.534 3
213.603 3
213.908 3
213.932 3
213.967 3
214.132 3
214.167 3
214.242 3
214.494 3
214.595 3
214.703 3
214.849 3
214.965 3
215.107 3
215.205 3
215.311 3
215.336 3
215.411 3
215.517 3
215.625 3
215.812 3
215.841 1
215.983 1
216.091 1
216.14 3
216.231 3
216.34 3
216.59 1
216.622 1
216.66 1
216.795 1
216.855 1
216.998 1
217.105 1
217.211 1
217.357 3
217.415 1
217.512 3
217.57 3
217.724 3
217.768 3
217.921 1
217.975 3
218.117 1
218.171 1
218.323 3
218.387 1
218.471 3
218.782 3
218.81 1
219.044 3
219.071 3
219.099 3
219.146 3
219.244 3
219.3 3
219.392 3
219.495 3
219.594 3
219.958 3
219.986 3
220.012 3
220.066 1
220.112 1
220.263 1
220.371 3
220.422 3
220.518 3
220.625 1
220.726 3
220.829 3
221.088 3
221.123 3
221.192 3
221.247 3
221.33 3
221.442 3
221.541 3
221.693 3
221.852 3
221.882 3
222 3
222.201 3
222.234 3
222.357 3
222.39 3
222.503 3
222.557 3
222.72 3
222.926 3
222.961 3
222.994 3
223.074 3
223.183 3
223.329 3
223.384 3
223.478 3
223.594 3
223.696 3
223.803 3
224.08 3
224.146 3
224.248 1
224.343 3
224.45 3
224.547 3
224.759 3
224.787 3
224.858 3
225.058 3
225.089 3
225.169 3
225.315 3
225.375 3
225.462 3
225.569 3
225.663 3
225.777 3
225.867 3
226.029 3
226.077 3
226.282 3
226.311 3
226.383 3
226.478 3
226.588 3
226.687 3
226.786 3
226.987 3
227.138 3
227.243 3
227.349 3
227.499 3
227.524 3
227.556 3
227.606 3
227.71 3
227.813 3
227.958 3
228.014 3
228.212 3
228.243 3
228.368 3
228.414 3
228.516 3
228.617 3
228.721 3
228.82 3
228.93 3
229.034 3
229.183 3
229.285 3
229.389 3
229.434 3
229.537 3
229.635 3
229.832 3
229.864 3
229.951 3
230.093 3
230.146 3
230.346 3
230.41 3
230.455 3
230.552 3
230.709 3
230.803 3
230.862 3
230.962 3
231.053 3
231.164 3
231.263 3
231.37 3
231.463 1
231.574 1
231.737 1
231.835 1
231.888 3
232.189 3
232.251 3
232.394 3
232.522 3
232.62 3
232.669 3
232.81 3
232.863 3
233.066 3
233.097 3
233.175 3
233.269 3
233.376 3
233.471 3
233.58 3
233.676 3
233.778 3
233.937 3
234.036 3
234.085 1
234.185 1
234.289 1
234.39 1
234.492 1
234.602 3
234.703 3
234.912 3
234.975 3
235.161 3
235.191 3
235.229 3
235.313 3
235.409 3
235.513 3
235.626 3
235.72 3
235.82 3
235.926 3
236.022 1
236.128 1
236.227 1
236.335 3
236.432 3
236.53 3
236.637 1
236.732 1
236.926 1
236.998 1
237.09 1
237.157 1
237.294 3
237.658 3
237.689 3
237.722 3
237.858 3
237.892 3
237.924 3
237.967 1
238.265 1
238.295 1
238.327 1
238.381 3
238.469 3
238.574 3
238.673 1
238.834 3
238.879 1
238.979 1
239.134 3
239.192 3
239.332 1
239.39 1
239.601 1
239.632 1
239.739 1
239.805 3
240.115 3
240.149 3
240.189 3
240.363 3
240.395 3
240.428 3
240.517 3
240.821 3
240.851 3
240.884 3
240.979 3
241.186 3
241.215 3
241.528 3
241.562 3
241.595 3
241.627 3
241.741 3
241.781 3
241.887 3
241.939 3
242.04 3
242.184 3
242.248 3
242.444 3
242.506 3
242.561 3
242.647 3
242.744 3
242.858 3
242.949 3
243.058 3
243.218 3
243.308 3
243.459 3
243.488 3
243.559 1
243.713 1
243.855 3
243.896 3
243.977 3
244.064 1
244.322 3
244.343 1
244.417 1
244.485 3
244.581 3
244.727 1
244.835 1
244.932 3
245.054 3
245.147 1
245.504 1
245.529 3
245.558 3
245.578 1
245.674 3
245.728 3
245.816 1
245.918 3
246.119 1
246.144 1
246.228 1
246.323 3
246.423 3
246.522 3
246.626 3
246.986 3
247.012 3
247.04 3
247.098 3
247.149 3
247.387 3
247.41 3
247.497 3
247.594 3
247.649 3
247.746 1
