Time State
8.2985 0
8.39501 0
8.54286 0
8.6435 0
8.79655 0
8.80055 0
8.89407 0
8.99546 0
9.09586 0
9.19685 0
9.40022 0
9.40616 0
9.50086 0
9.5989 0
9.70112 0
9.9026 0
9.90926 0
10.0054 0
10.1078 0
10.2588 0
10.3131 0
10.4588 0
10.5117 0
10.6634 0
10.7113 0
10.8652 0
10.9125 0
11.1644 0
11.1768 0
11.2238 0
11.4184 0
11.4256 0
11.5193 0
11.6225 0
11.7185 0
11.8726 0
11.9236 0
12.0209 0
12.1263 0
12.2235 0
12.3272 0
12.4243 0
12.5756 0
12.6272 0
12.7302 0
12.8306 0
12.9278 0
13.0326 0
13.1826 0
13.3315 0
13.3396 0
13.4332 0
13.5363 0
13.6859 0
13.7412 0
13.8885 0
13.9399 0
14.0365 0
14.2924 0
14.3026 0
14.3436 0
14.4919 0
14.6412 0
14.6502 0
14.7428 0
14.8434 0
14.947 0
15.0446 0
15.1536 0
15.4695 0
15.5055 0
15.7337 0
15.785 0
15.814 0
16.2262 0
16.4871 0
16.5966 0
16.6249 0
16.7778 0
16.7887 0
16.8009 0
16.8147 0
16.8264 0
16.8772 0
16.9222 0
17.0213 0
17.1199 0
17.2837 0
17.3802 0
17.6248 0
17.6358 0
17.6745 0
17.7754 0
17.8735 0
17.9729 0
18.1762 0
18.2274 0
18.277 0
18.3779 0
18.6793 0
18.6903 0
18.732 0
18.7835 0
18.8804 0
18.9784 0
19.1801 0
19.1879 0
19.2802 0
19.3846 0
19.4836 0
19.5842 0
19.7878 0
19.7998 0
19.8874 0
19.9888 0
20.0871 0
20.2937 0
20.3061 0
20.497 0
20.5052 0
20.5944 0
20.8444 0
20.8555 0
20.8987 0
20.9955 0
21.0954 0
21.201 0
21.2995 0
21.659 0
21.6682 0
21.8543 0
21.8697 0
21.8813 0
22.0552 0
22.0658 0
22.1078 0
22.2076 0
22.309 0
22.4099 0
22.5101 0
22.6072 0
22.7137 0
22.8088 0
22.9123 0
23.0131 0
23.1141 0
23.2147 0
23.3146 0
23.4211 0
23.5174 0
23.6198 0
23.7736 0
23.8201 0
23.9178 0
24.0204 0
24.1242 0
24.222 0
24.3714 0
24.4779 0
24.5249 0
24.7284 0
24.8803 0
24.8866 0
24.9311 0
25.0838 0
25.1314 0
25.2322 0
25.3367 0
25.4894 0
25.5347 0
25.6391 0
25.8881 0
25.8942 0
25.9382 0
26.038 0
26.1398 0
26.239 0
26.4403 0
26.5018 0
26.5908 0
26.6935 0
26.7446 0
26.8439 0
26.9446 0
27.0467 0
27.1462 0
27.4062 0
27.4135 0
27.5594 0
27.6111 0
27.6579 0
27.7586 0
27.8534 0
27.952 0
28.0545 0
28.1543 0
28.3571 0
28.3637 0
28.5577 0
28.5623 0
28.7596 0
28.7645 0
28.9118 0
28.9723 0
29.0671 0
29.168 0
29.3728 0
29.3815 0
29.4697 0
29.5679 0
29.7143 0
29.8153 0
29.9218 0
29.969 0
30.069 0
30.1728 0
30.2715 0
30.5766 0
30.5822 0
30.5901 0
30.6757 0
30.7773 0
30.8819 2
31.0318 0
31.0883 2
31.19 0
31.2882 2
31.5369 0
31.6324 0
31.7377 0
31.8356 2
31.9356 2
32.2422 0
32.2531 0
32.2654 2
32.3959 2
32.4469 2
32.5441 2
32.6429 0
32.8006 2
32.8485 2
32.9496 2
33.051 2
33.2099 2
33.3128 2
33.358 2
33.4519 2
33.6065 2
33.6581 2
33.76 2
33.9049 3
33.9603 3
34.064 3
34.1626 3
34.2611 3
34.3608 3
34.461 3
34.5625 3
34.6639 3
34.7625 3
34.8658 3
34.965 3
35.0655 3
35.1682 3
35.273 3
35.4226 3
35.4734 3
35.5794 3
35.6767 3
35.9236 3
35.9446 3
35.9767 3
36.1305 3
36.2845 3
36.3794 3
36.3932 3
36.5296 3
36.6338 1
36.6851 1
36.7821 1
36.9353 3
37.0375 3
37.0892 1
37.1847 1
37.2885 1
37.3909 1
37.4887 3
37.5937 3
37.9444 1
37.9577 1
37.9752 1
38.0005 1
38.0982 3
38.2051 1
38.3011 1
38.682 1
38.7559 1
38.849 1
38.9443 1
39.0467 1
39.2028 1
39.307 0
39.3576 0
39.4497 0
39.5607 0
39.7633 0
39.7843 0
39.9103 0
39.9561 0
40.0588 2
40.1576 0
40.2593 0
40.3599 0
40.4586 0
40.5632 0
40.669 0
40.772 0
40.875 0
40.9711 0
41.0788 2
41.3709 0
41.3872 0
41.4265 2
41.471 2
41.5766 2
41.7297 2
41.7843 2
41.9309 2
41.9882 2
42.0839 2
42.2403 2
42.5451 3
42.5709 1
42.5929 1
42.6204 1
42.6874 1
42.8343 1
42.8931 3
42.9857 1
43.0866 1
43.1861 1
43.3412 1
43.3939 1
43.5451 1
43.7449 1
43.765 1
43.8124 1
43.8942 1
43.9958 0
44.1054 0
44.2045 0
44.2986 0
44.4026 0
44.4985 0
44.6485 0
44.7621 0
44.809 2
44.9551 0
45.0169 2
45.2172 0
45.2376 0
45.3138 0
45.4136 0
45.5091 0
45.804 0
45.8498 2
46.0049 0
46.0575 0
46.1482 0
46.3019 0
46.3532 0
46.458 0
46.6052 0
46.654 0
46.7539 0
47.0177 0
47.0332 0
47.0617 0
47.1576 0
47.2599 0
47.4234 0
47.4666 0
47.5612 0
47.665 0
47.7691 0
47.8685 0
47.9645 0
48.0664 0
48.1727 0
48.2685 0
48.3695 0
48.4744 0
48.6207 0
48.6801 0
48.7759 0
48.9251 0
48.977 0
49.0793 0
49.1781 0
49.284 0
49.3794 0
49.4779 0
49.5782 0
49.6799 0
49.7832 0
49.8841 0
49.9817 0
50.0824 0
50.1827 0
50.3346 0
50.3855 0
50.4862 0
50.5887 0
50.7408 0
50.8033 2
50.9506 0
50.9964 2
51.1465 0
51.2626 0
51.3115 2
51.402 0
51.5573 2
51.6068 2
51.7059 2
51.8096 0
51.9082 2
52 2
52.1048 2
52.2051 2
52.3554 2
52.4081 2
52.5046 2
52.6607 2
52.715 2
52.9828 3
53.083 3
53.19 3
53.2865 3
53.4432 3
53.5412 3
53.5891 3
53.8923 3
53.9143 3
53.9409 3
54.0001 3
54.0953 3
54.1986 3
54.2935 3
54.5818 3
54.6373 3
54.7857 3
54.8469 3
54.8889 3
54.9908 3
55.0904 3
55.1907 3
55.4929 3
55.5091 3
55.6026 3
55.6182 3
55.6942 3
55.8536 3
55.9002 1
56.0046 3
56.1042 3
56.2021 3
56.3617 3
56.4089 3
56.5111 3
56.6126 3
56.7647 3
56.9634 3
57.0663 3
57.0947 3
57.1154 3
57.2223 3
57.3189 3
57.4245 3
57.5236 3
57.7194 1
57.7527 3
57.9334 3
57.9638 1
58.0868 1
58.1271 1
58.2937 3
58.3702 1
58.4322 3
58.5295 3
58.627 3
58.7245 3
58.8843 3
58.9289 3
59.0784 3
59.1374 3
59.389 3
59.409 3
59.4355 3
59.5322 3
59.6381 3
59.7398 3
59.9748 3
60.0775 3
60.1797 3
60.2783 3
60.3788 3
60.4806 3
60.5888 3
60.6831 3
60.8347 3
60.8859 3
60.9805 3
61.0866 3
61.1829 3
61.2865 3
61.3858 3
61.4874 3
61.5914 3
61.6942 3
61.8463 3
61.892 3
61.9957 3
62.0965 3
62.2472 3
62.2981 3
62.3974 3
62.4952 3
62.7529 3
62.7738 3
62.8025 3
62.9049 3
63.0055 3
63.1056 3
63.2027 3
63.3048 3
63.5608 3
63.7562 3
63.7759 3
63.7959 3
63.9064 3
63.927 3
64.0128 3
64.1147 3
64.4746 3
64.5013 3
64.6094 3
64.6351 3
64.6564 3
64.8969 3
64.9193 3
64.9458 3
65.0433 3
65.1552 3
65.2487 3
65.4011 3
65.5072 1
65.5604 3
65.6501 3
65.7543 3
65.9086 3
65.9567 1
66.0594 3
66.2049 1
66.2602 3
66.423 1
66.46 1
66.7633 1
66.7915 3
66.8173 3
66.9925 1
67.1013 3
67.2008 1
67.3605 3
67.5092 1
67.5412 1
67.6109 1
67.7694 3
67.965 1
68.1159 3
68.1484 1
68.1825 1
68.2252 1
68.382 3
68.4221 1
68.571 1
68.617 1
68.7641 1
69.0698 1
69.0945 1
69.1142 1
69.1352 1
69.2771 1
69.3278 1
69.4247 0
69.5245 0
69.6245 0
69.7266 2
69.8291 2
69.9295 2
70.0317 2
70.133 0
70.2347 0
70.3344 2
70.4347 0
70.5351 0
70.6416 2
70.7336 0
70.8416 0
70.9492 0
71.0441 2
71.1507 2
71.2497 2
71.3513 0
71.5083 0
71.5582 2
71.6547 0
71.7595 0
71.859 0
72.0092 0
72.058 0
72.1617 0
72.2621 0
72.4101 2
72.4573 0
72.7125 0
72.738 0
72.8089 0
72.8636 2
72.9599 0
73.0559 0
73.1571 0
73.3621 0
73.469 2
73.4979 2
73.6225 2
73.6633 0
73.7776 0
73.8767 0
74.1185 0
74.2177 2
74.3279 0
74.4848 2
74.5763 0
74.6833 2
74.8292 0
74.8619 0
74.933 0
75.0848 0
75.1352 0
75.235 0
75.646 0
75.6784 0
75.7037 0
75.7331 0
75.7625 0
75.8416 0
75.9949 0
76.0908 0
76.142 0
76.35 0
76.3858 0
76.4452 0
76.5439 0
76.6447 0
76.8017 0
76.8978 0
76.9484 0
77.0467 0
77.1481 0
77.3035 0
77.3559 0
77.454 0
77.5543 0
77.6565 0
77.753 0
77.8579 0
77.9529 0
78.0572 0
78.1615 0
78.2564 0
78.4091 0
78.4652 0
78.5646 0
78.6597 0
78.7676 0
78.8661 0
78.9616 0
79.0621 0
79.1679 0
79.2686 0
79.3691 0
79.4791 2
79.5786 0
79.6732 2
79.7786 2
79.8743 0
80.0367 2
80.1369 2
80.193 2
80.2864 0
80.3833 0
80.5443 0
80.69 0
80.7297 0
80.9312 2
81.0365 0
81.1309 0
81.2324 0
81.3368 0
81.4364 0
81.5325 0
81.6379 0
81.8855 0
81.9187 0
81.9466 0
82.0386 0
82.1396 0
82.2439 0
82.3985 0
82.4463 0
82.594 0
82.7415 0
82.7991 0
82.8421 0
83.0442 2
83.1458 0
83.1758 0
83.2965 0
83.3479 0
83.4481 2
83.5554 2
83.6469 0
83.7542 2
83.8521 2
83.9508 0
84.1065 0
84.1566 2
84.2559 0
84.3557 2
84.4566 0
84.5554 0
84.6582 0
84.7611 2
84.8605 0
84.9576 0
85.06 0
85.1726 2
85.2644 2
85.3614 0
85.4649 0
85.5699 0
85.6669 0
85.7709 0
85.8678 0
85.9746 0
86.2438 0
86.2793 0
86.3353 0
86.5384 0
86.5735 0
86.6313 0
86.7333 0
86.7766 0
86.9315 0
86.979 0
87.0753 0
87.1796 0
87.2839 0
87.4413 2
87.5361 0
87.5817 0
87.6847 0
87.8862 0
87.9136 0
88.1304 0
88.2388 0
88.3335 2
88.4346 0
88.5362 0
88.6928 0
88.7465 0
88.8914 0
88.944 0
89.0408 0
89.1421 0
89.2422 0
89.3926 0
89.4515 0
89.7002 0
89.7265 0
89.8018 0
89.9013 0
90.1516 0
90.1775 0
90.2033 0
90.2525 0
90.4093 0
90.6146 0
90.6409 0
90.7167 0
90.81 0
90.8588 0
90.9576 0
91.1613 0
91.1863 0
91.3135 0
91.5673 0
91.5915 0
91.6176 0
91.6735 0
91.7702 0
91.8672 0
92.0197 0
92.0679 0
92.1689 0
92.2706 0
92.3748 0
92.47 0
92.6235 0
92.7291 0
92.7822 2
92.9319 0
92.9749 0
93.1824 0
93.2115 0
93.2833 2
93.3796 0
93.4858 2
93.5832 0
93.6843 0
93.7834 0
93.8846 0
93.9894 2
94.0863 0
94.2467 2
94.2976 2
94.3886 0
94.5458 0
94.5938 0
94.7017 0
94.7966 2
94.9491 0
95.0464 2
95.0998 0
95.1979 0
95.2998 0
95.4042 0
95.5023 2
95.7353 2
95.837 0
95.9963 0
96.0476 2
96.1941 0
96.2443 0
96.3522 0
96.502 0
96.6066 0
96.6525 2
96.7456 0
96.8465 0
96.9526 2
97.0505 0
97.1514 2
97.2506 0
97.4062 0
97.4577 0
97.5571 0
97.6582 0
97.815 0
97.8594 0
97.9596 0
98.0555 0
98.1601 0
98.264 2
98.3583 0
98.5198 2
98.6093 0
98.6682 2
98.7708 0
98.8666 0
98.9805 0
99.082 0
99.1847 0
99.2849 2
99.3777 2
99.4849 0
99.73 2
99.7637 0
99.7891 0
100.032 0
100.068 0
100.167 0
100.222 2
100.413 0
100.444 0
100.523 0
100.621 0
100.722 0
100.824 0
101.185 0
101.215 0
101.25 0
101.277 0
101.327 0
101.433 0
101.528 0
101.891 2
101.93 0
102.059 0
102.104 0
102.152 0
102.476 0
102.527 0
102.573 0
102.631 2
102.669 0
102.755 2
102.9 0
102.971 2
103.117 0
103.155 0
103.619 0
103.865 0
103.915 0
103.961 0
104.127 0
104.166 0
104.225 0
104.402 0
104.562 0
104.607 0
104.654 0
105.005 0
105.156 0
105.207 0
105.258 0
105.304 0
105.357 0
105.415 0
105.489 0
105.559 0
105.642 0
105.841 0
106.053 0
106.254 0
106.481 0
106.536 0
106.691 0
106.836 0
106.879 0
106.995 0
107.031 0
107.062 0
107.091 0
107.116 0
107.144 0
107.222 0
107.382 0
107.424 0
107.523 0
107.628 0
107.727 0
107.821 0
107.924 2
108.019 0
108.126 0
108.227 0
108.383 2
108.723 0
108.755 0
108.845 2
108.898 0
109.04 2
109.078 2
109.11 2
109.14 0
109.235 0
109.442 0
109.478 0
109.608 2
109.809 0
109.933 0
110.034 0
110.182 0
110.489 2
110.61 0
110.691 0
110.783 0
110.874 0
110.966 0
111.286 0
111.316 0
111.346 0
111.38 0
111.414 0
111.462 0
111.545 0
111.633 0
111.734 0
111.835 0
111.996 0
112.046 0
112.14 0
112.243 0
112.344 0
112.445 0
112.547 2
112.641 0
112.747 0
112.903 0
112.999 0
113.054 2
113.148 2
113.251 0
113.354 0
113.709 0
113.734 0
113.909 0
113.943 2
113.964 0
114.024 2
114.114 0
114.162 0
114.313 0
114.358 0
114.456 0
114.613 0
114.666 0
114.918 0
114.946 0
114.977 0
115.132 0
115.322 0
115.361 0
115.505 0
115.538 0
115.796 0
115.823 2
115.847 0
116.014 0
116.068 0
116.164 0
116.209 0
116.52 0
116.553 0
116.668 2
116.696 0
116.724 0
116.815 0
117.022 0
117.051 0
117.119 2
117.216 0
117.323 0
117.582 0
117.599 0
117.871 0
117.895 0
118.031 0
118.083 0
118.231 0
118.282 0
118.43 0
118.529 0
118.578 0
118.728 0
118.887 0
119.04 0
119.065 0
119.096 0
119.196 0
119.29 0
119.393 0
119.491 0
119.591 0
119.694 0
119.8 0
119.901 0
120.02 0
120.108 0
120.204 0
120.4 0
120.429 0
120.501 0
120.6 0
120.696 0
120.799 0
120.906 0
121.055 0
121.109 0
121.209 0
121.308 0
121.406 0
121.614 0
121.641 0
121.712 0
121.813 0
121.911 0
122.012 0
122.12 0
122.209 0
122.311 2
122.462 2
122.519 0
122.616 0
122.721 2
122.925 0
122.952 0
123.023 0
123.175 0
123.224 0
123.321 0
123.423 2
123.526 2
123.632 0
123.73 0
123.831 0
123.931 0
124.027 0
124.133 2
124.23 0
124.333 0
124.43 0
124.543 0
124.641 2
124.796 0
124.852 0
124.945 2
125.186 2
125.284 2
125.391 0
125.543 0
125.59 2
125.689 0
126.097 0
126.124 0
126.159 0
126.252 0
126.284 0
126.316 2
126.459 2
126.498 0
126.597 0
126.696 0
126.8 0
127.059 0
127.085 0
127.105 0
127.198 0
127.36 2
127.405 0
127.5 0
127.601 0
127.707 0
127.808 2
127.91 0
128.015 2
128.166 0
128.263 0
128.37 0
128.417 0
128.565 0
128.678 2
128.724 2
128.82 0
128.927 0
129.022 2
129.123 0
129.22 2
129.324 0
129.429 0
129.529 0
129.626 0
129.731 0
129.831 0
129.931 0
130.075 0
130.18 0
130.233 0
130.532 0
130.559 0
130.637 2
130.674 0
130.99 0
131.043 2
131.074 2
131.096 0
131.14 2
131.24 0
131.34 0
131.445 0
131.542 0
131.649 0
131.742 0
131.894 0
131.996 2
132.1 0
132.207 0
132.255 0
132.35 2
132.628 2
132.738 0
132.833 0
132.896 0
132.991 0
133.091 0
133.195 0
133.299 0
133.404 0
133.502 0
133.702 0
133.758 0
133.857 0
133.956 0
134.012 0
134.165 0
134.21 0
134.318 0
134.507 0
134.538 0
134.669 0
134.72 0
135.072 0
135.1 0
135.128 0
135.16 0
135.225 0
135.562 0
135.582 0
135.605 0
135.667 0
135.717 0
135.865 0
135.968 0
136.08 0
136.227 0
136.491 0
136.516 0
136.544 0
136.588 0
136.823 0
136.844 0
136.887 0
136.933 0
137.037 0
137.134 0
137.231 0
137.336 0
137.484 0
137.531 0
137.693 2
137.744 2
137.832 0
137.933 0
138.132 0
138.154 2
138.245 2
138.343 0
138.499 0
138.541 0
138.695 0
138.749 2
138.902 0
139.003 0
139.105 0
139.152 0
139.253 0
139.492 0
139.595 0
139.759 2
139.955 0
139.985 0
140.052 0
140.158 0
140.211 0
140.298 0
140.403 0
140.498 0
140.653 2
140.702 0
140.856 2
141.006 0
141.023 0
141.156 0
141.21 0
141.308 0
141.424 0
141.563 0
141.613 0
141.708 0
141.809 0
141.915 0
142.02 2
142.11 0
142.212 0
142.315 0
142.414 0
142.794 2
142.813 0
142.839 2
142.945 0
142.994 0
143.092 2
143.191 0
143.295 0
143.353 2
143.704 2
143.732 2
143.753 0
143.784 0
143.854 0
143.949 0
144.154 0
144.177 0
144.253 0
144.356 0
144.466 0
144.618 0
144.659 0
144.759 0
144.865 0
145.059 0
145.087 2
145.17 0
145.265 0
145.371 0
145.467 0
145.564 0
145.671 2
145.879 0
145.91 0
145.972 0
146.069 0
146.175 0
146.282 0
146.575 0
146.628 0
146.776 2
146.827 0
146.92 0
147.022 0
147.132 0
147.225 0
147.327 0
147.585 0
147.605 0
147.675 0
147.729 0
147.83 0
147.935 0
148.035 0
148.237 0
148.258 0
148.385 0
148.441 0
148.537 0
148.637 0
148.736 0
148.887 0
148.944 0
149.038 0
149.146 0
149.247 0
149.344 0
149.452 0
149.553 0
149.697 0
149.844 0
149.862 0
149.956 0
150.052 0
150.151 0
150.253 0
150.351 0
150.506 0
150.655 0
150.674 0
150.754 0
150.863 0
150.955 0
151.109 0
151.21 0
151.315 2
151.36 0
151.516 0
151.572 0
151.729 0
151.765 2
151.914 0
151.967 0
152.069 2
152.17 0
152.322 0
152.378 2
152.527 0
152.633 2
152.678 0
152.788 0
152.874 0
152.978 2
153.129 0
153.181 0
153.283 0
153.38 0
153.723 2
153.74 0
153.824 2
153.918 0
154.024 0
154.12 0
154.222 0
154.419 0
154.437 0
154.529 2
154.636 0
154.735 0
154.882 0
154.985 2
155.039 0
155.135 0
155.231 0
155.332 0
155.431 0
155.735 0
155.751 0
155.775 0
155.89 0
155.942 0
156.042 0
156.138 0
156.247 2
156.441 2
156.457 2
156.544 2
156.662 0
156.751 2
156.946 2
156.963 2
157.051 2
157.153 0
157.247 0
157.399 2
157.459 0
157.556 2
157.661 2
157.817 0
158.013 2
158.036 0
158.109 0
158.256 0
158.278 2
158.36 0
158.459 0
158.619 0
158.678 0
158.76 0
158.876 0
158.971 0
159.073 0
159.168 0
159.27 2
159.37 0
159.525 0
159.577 0
159.728 0
159.775 0
159.973 2
159.996 0
160.081 0
160.184 0
160.288 0
160.382 0
160.487 2
160.64 0
160.687 0
161.103 2
161.128 2
161.157 0
161.305 0
161.356 0
161.509 0
161.609 0
161.664 0
161.765 0
161.966 0
161.996 0
162.066 0
162.269 0
162.291 0
162.362 0
162.471 0
162.567 0
162.728 0
162.827 0
162.875 0
163.075 0
163.101 0
163.275 0
163.324 0
163.379 0
163.478 0
163.632 0
163.68 0
163.782 0
163.88 0
163.98 0
164.134 0
164.238 0
164.291 0
164.389 0
164.489 0
164.845 0
164.865 0
164.888 0
164.907 0
164.984 0
165.145 0
165.242 0
165.343 0
165.398 0
165.498 0
165.597 0
165.701 0
165.896 0
165.951 0
166.005 2
166.1 0
166.3 0
166.323 2
166.449 0
166.501 0
166.656 0
166.858 0
166.886 0
166.911 0
167.013 2
167.115 0
167.218 0
167.314 0
167.416 0
167.565 2
167.612 0
167.709 0
167.816 0
167.962 0
168.152 0
168.263 2
168.36 0
168.461 0
168.56 0
168.713 0
168.769 0
168.874 2
168.971 0
169.12 0
169.223 0
169.283 2
169.37 0
169.519 0
169.565 0
169.677 0
169.777 2
169.882 0
170.09 0
170.238 0
170.26 0
170.291 0
170.379 0
170.482 0
170.695 0
170.841 0
170.871 2
170.9 2
171.454 2
171.602 2
171.634 2
171.658 2
171.691 2
171.723 2
171.759 2
171.793 0
171.918 2
171.963 2
172.048 0
172.355 0
172.389 0
172.416 0
172.454 0
172.553 0
172.707 0
172.751 0
172.861 0
173.058 0
173.09 0
173.162 0
173.307 0
173.358 0
173.456 0
173.613 0
173.711 0
173.911 0
174.123 0
174.156 0
174.184 0
174.216 0
174.259 0
174.366 2
174.468 2
174.661 0
174.681 0
174.918 0
174.948 2
175.116 0
175.211 0
175.31 0
175.416 0
175.517 0
175.619 0
175.716 0
175.817 0
175.98 0
176.021 0
176.177 0
176.224 0
176.325 0
176.431 0
176.526 0
176.833 0
176.859 0
176.933 0
176.961 0
177.084 0
177.136 0
177.286 0
177.343 0
177.44 0
177.543 0
177.695 0
177.944 0
177.974 0
178.014 0
178.103 0
178.16 0
178.246 0
178.347 0
178.447 0
178.65 0
178.68 0
178.756 0
178.851 0
178.963 0
179.072 0
179.163 0
179.263 0
179.373 0
179.798 0
179.831 0
179.856 0
179.892 0
179.957 0
180.002 0
180.099 0
180.315 0
180.348 0
180.397 0
180.498 0
180.599 0
180.704 0
180.806 2
180.902 0
181.009 0
181.103 0
181.209 0
181.305 0
181.414 0
181.561 0
181.663 2
181.808 0
181.844 0
181.933 0
182.075 0
182.26 2
182.358 2
182.463 2
182.565 2
182.666 2
182.867 2
182.897 2
183.029 2
183.072 2
183.169 2
183.271 3
183.376 3
183.472 3
183.578 3
183.681 3
183.78 3
183.935 3
183.979 3
184.09 3
184.279 1
184.307 1
184.39 1
184.538 1
184.586 1
184.682 1
184.886 1
184.984 1
185.009 1
185.086 1
185.184 1
185.289 0
185.397 2
185.487 0
185.588 2
185.69 0
185.79 2
185.893 2
186 2
186.096 2
186.198 2
186.305 0
186.4 2
186.494 2
186.595 2
186.696 2
186.799 2
187.201 2
187.222 2
187.249 2
187.27 2
187.305 2
187.408 3
187.512 3
187.613 3
187.722 3
187.814 3
187.965 3
188.063 3
188.165 3
188.221 3
188.318 3
188.414 3
188.566 3
188.667 3
188.714 3
188.937 3
188.967 3
189.033 3
189.273 3
189.375 3
189.466 3
189.573 3
189.668 3
189.87 3
190.139 3
190.162 3
190.186 3
190.28 3
190.432 3
190.451 3
190.481 3
190.632 3
190.679 3
190.838 3
190.88 3
190.98 3
191.081 3
191.181 3
191.283 3
191.384 3
191.586 3
191.608 3
191.687 3
191.792 3
191.892 3
192.003 3
192.103 3
192.206 3
192.303 3
192.402 3
192.5 3
192.596 3
192.696 3
192.797 3
192.962 3
193.008 3
193.153 3
193.209 3
193.355 3
193.407 3
193.56 3
193.607 3
193.807 3
193.825 3
193.969 3
194.057 3
194.118 3
194.218 3
194.319 1
194.413 1
194.522 1
194.772 1
194.796 1
194.824 1
194.925 3
195.028 1
195.18 1
195.27 1
195.33 1
195.478 1
195.528 1
195.629 1
195.739 3
195.884 1
195.936 3
196.037 1
196.276 3
196.396 1
196.505 3
196.598 1
196.704 1
196.804 1
196.954 1
197.009 1
197.215 1
197.242 1
197.313 1
197.408 1
197.511 1
197.61 0
197.716 0
197.814 0
197.917 0
198.214 0
198.242 0
198.326 0
198.36 0
198.422 0
198.572 0
198.62 0
198.722 0
198.823 0
198.934 0
199.125 2
199.149 0
199.223 2
199.327 2
199.487 2
199.537 2
199.682 2
199.78 2
199.836 0
199.936 2
200.032 2
200.14 2
200.235 2
200.344 0
200.439 0
200.546 0
200.691 2
200.898 2
200.927 2
200.953 2
201.047 2
201.145 2
201.252 2
201.35 2
201.445 2
201.554 2
201.7 3
201.755 3
201.899 3
202.004 3
202.096 3
202.257 3
202.318 3
202.359 3
202.458 3
202.614 3
202.664 3
202.752 3
202.862 3
202.962 3
203.069 3
203.167 3
203.413 3
203.508 3
203.612 3
203.719 3
203.827 3
203.963 3
204.116 3
204.133 3
204.274 3
204.32 3
204.426 3
204.524 3
204.674 3
204.823 3
204.843 3
204.936 3
205.036 3
205.183 3
205.234 3
205.334 3
205.43 3
205.58 3
205.633 3
205.735 3
205.84 3
205.937 3
206.24 3
206.255 3
206.281 3
206.401 3
206.444 3
206.54 3
206.742 3
206.797 3
206.844 3
207.004 3
207.199 3
207.546 3
207.564 3
207.588 3
207.618 3
207.646 3
207.811 3
207.833 3
207.855 3
208.06 3
208.087 3
208.164 3
208.266 3
208.36 3
208.456 3
208.563 3
208.764 3
208.815 3
209.011 3
209.034 3
209.066 3
209.165 3
209.266 3
209.363 3
209.466 3
209.571 3
209.673 3
209.774 3
209.881 3
209.983 3
210.226 3
210.321 3
210.431 3
210.592 3
210.676 3
210.775 3
210.829 3
210.93 3
211.028 3
211.131 3
211.238 3
211.334 3
211.431 3
211.532 3
211.637 3
211.739 1
211.836 1
211.937 1
212.258 1
212.284 3
212.308 1
212.358 1
212.453 1
212.619 1
212.853 3
212.872 1
212.895 3
212.964 1
213.157 3
213.173 3
213.262 1
213.36 3
213.46 1
213.558 1
213.66 3
213.762 3
213.86 1
213.962 1
214.068 1
214.167 3
214.264 1
214.37 3
214.479 1
214.626 3
214.782 3
214.814 1
215.152 1
215.171 1
215.201 1
215.222 1
215.294 1
215.395 1
215.551 1
215.603 1
215.7 1
215.796 1
216 0
216.158 0
216.215 0
216.461 0
216.481 0
216.501 0
216.52 0
216.67 0
216.71 0
216.818 0
216.914 2
217.284 0
217.554 0
217.572 0
217.585 0
217.636 0
217.686 2
217.794 0
217.898 2
217.996 0
218.092 0
218.245 0
218.421 0
218.453 0
218.506 0
218.603 0
218.7 0
218.8 0
218.899 0
219.002 0
219.102 0
219.205 0
219.353 0
219.409 0
219.502 0
219.759 0
219.774 0
219.808 0
219.906 0
220.059 0
220.16 0
220.211 0
220.312 0
220.466 0
220.563 0
220.669 0
220.713 0
220.816 0
220.916 0
221.064 2
221.177 2
221.227 2
221.379 2
221.423 2
221.621 2
221.641 2
221.781 2
221.885 2
221.927 0
222.126 0
222.152 0
222.23 0
222.385 0
222.442 0
222.536 2
222.687 0
222.787 0
222.845 0
222.933 2
223.041 2
223.455 2
223.486 2
223.511 0
223.537 0
223.567 0
223.713 0
223.758 0
223.861 0
223.952 0
224.053 0
224.154 0
224.254 0
224.365 2
224.464 2
224.562 0
224.67 0
224.76 0
225.062 0
225.113 2
225.212 0
225.423 0
225.443 0
225.516 0
225.619 0
225.725 0
225.822 0
225.929 0
226.02 0
226.123 0
226.32 0
226.344 0
226.43 0
226.626 0
226.683 0
226.727 0
226.887 0
227.038 0
227.116 2
227.212 0
227.265 0
227.362 0
227.465 0
227.565 2
227.665 0
227.766 2
227.867 0
227.969 0
228.12 0
228.273 0
228.295 2
228.372 2
228.468 0
228.926 0
228.954 0
229.035 2
229.283 2
229.486 2
229.506 0
229.536 0
229.554 0
229.578 0
229.598 0
229.684 0
229.71 0
230.038 0
230.142 0
230.162 2
230.186 2
230.244 2
230.294 2
230.397 2
230.495 2
230.593 0
230.797 0
230.851 0
230.94 0
231.045 0
231.251 0
231.268 0
231.398 0
231.412 0
231.548 0
231.599 0
231.96 2
231.982 0
232.207 0
232.224 0
232.243 0
232.263 0
232.364 0
232.563 0
232.577 0
232.607 0
232.708 0
232.864 0
232.975 0
233.069 0
233.166 0
233.319 0
233.334 0
233.415 0
233.515 0
233.672 0
233.774 0
233.872 0
233.926 0
234.028 0
234.381 0
234.397 0
234.414 0
234.631 0
234.685 0
234.699 0
234.78 0
234.838 0
234.935 0
235.032 0
235.189 0
235.241 0
235.338 0
235.439 0
235.589 0
235.643 0
235.789 0
235.894 0
235.948 2
236.095 0
236.204 2
236.314 0
236.355 0
236.45 0
236.686 0
236.786 0
236.89 2
236.993 0
237.094 0
237.193 0
237.396 0
237.416 2
237.53 0
237.644 0
237.887 0
237.973 2
238.011 0
238.124 0
238.212 0
238.322 0
238.42 0
238.515 0
238.966 0
238.997 0
239.075 0
239.106 0
239.139 0
239.192 0
239.282 0
239.339 0
239.436 0
239.533 0
239.661 0
239.742 0
239.892 0
239.943 0
240.095 0
240.14 0
240.293 0
240.347 0
240.438 0
240.537 0
240.643 0
240.804 0
240.853 0
240.945 0
241.047 0
241.15 0
241.248 0
241.345 0
241.454 0
241.544 0
241.651 2
241.8 0
241.906 0
241.951 0
242.113 0
242.257 0
242.357 0
242.375 2
242.454 0
242.56 2
242.666 2
242.764 0
242.918 0
243.024 2
243.073 2
243.305 0
243.414 0
243.51 0
243.61 0
243.713 0
243.867 0
243.918 2
244.017 0
244.114 0
244.215 0
244.588 0
244.631 0
244.674 2
244.979 0
245.024 0
245.062 0
245.186 0
245.285 0
245.317 0
245.347 0
245.381 0
245.478 0
245.581 0
245.679 0
245.792 0
245.888 0
246.044 0
246.095 0
246.335 0
246.377 0
246.463 0
246.649 0
246.872 0
246.908 0
246.946 0
247.001 0
247.192 0
247.254 0
247.349 0
247.388 0
247.487 0
247.589 0
247.682 0
247.796 2
247.885 0
247.985 0
248.092 0
248.237 0
248.286 0
248.386 0
248.491 0
248.587 0
248.69 0
248.84 0
248.89 0
249.001 0
249.364 0
249.389 2
249.408 0
249.434 0
249.51 0
249.619 0
249.818 0
249.881 0
249.964 0
250.08 0
250.186 0
250.222 2
250.32 0
250.429 0
250.53 0
250.647 0
250.885 0
251.04 0
251.09 0
251.191 0
251.295 0
251.45 0
251.508 0
251.621 0
251.767 0
252.022 0
252.22 0
252.247 0
252.281 0
252.312 0
252.447 0
252.806 0
252.847 0
253.036 0
253.294 0
253.433 0
253.454 0
253.481 0
253.504 0
253.525 0
253.553 0
253.578 0
253.634 0
253.732 0
253.828 0
253.933 0
254.231 0
254.253 0
254.388 0
254.421 0
254.459 0
254.796 0
254.836 0
254.885 0
254.957 0
255.017 0
255.099 0
255.192 0
255.352 0
255.395 0
255.494 0
255.594 0
255.696 2
255.794 2
255.949 2
256.004 0
256.201 0
256.224 2
256.299 0
256.401 0
256.551 0
256.603 0
256.757 2
256.85 0
257.067 2
257.09 0
257.164 0
257.209 0
257.366 0
257.457 0
257.513 0
257.611 0
257.714 0
257.814 0
257.911 0
258.018 0
258.118 2
258.367 0
258.468 2
258.569 0
258.672 0
258.829 0
258.874 0
258.979 0
259.076 0
259.229 0
259.28 0
259.38 0
259.479 0
259.632 0
259.68 0
259.787 0
259.884 0
259.981 0
260.086 0
260.24 2
260.291 0
260.392 0
260.486 0
260.588 0
260.7 2
260.847 0
260.944 0
260.994 0
261.094 0
261.192 0
261.296 0
261.396 0
261.498 0
261.595 0
261.749 0
261.998 0
262.015 0
262.148 0
262.165 0
262.208 0
262.3 0
262.401 0
262.502 0
262.608 0
262.714 0
262.81 0
263.008 0
263.113 0
263.13 0
263.214 0
263.315 0
263.414 0
263.516 0
263.615 0
263.887 0
263.909 0
263.979 0
264.234 0
264.249 0
264.269 0
264.538 0
264.557 0
264.798 0
265 0
265.032 0
265.133 0
265.171 0
265.262 0
265.294 0
265.326 0
265.364 0
265.471 0
265.588 0
265.867 2
266.06 0
266.277 0
266.302 0
266.324 0
266.354 0
266.381 0
266.56 0
266.753 0
266.813 0
266.855 0
266.953 0
267.104 0
267.229 0
267.27 0
267.386 0
267.459 0
267.572 0
267.718 0
267.815 0
268.02 0
268.07 0
268.086 0
268.173 0
268.366 0
268.382 0
268.469 0
268.569 0
268.723 0
268.778 0
268.924 0
269.023 0
269.075 0
269.178 0
269.277 0
269.375 0
269.479 0
269.579 0
269.679 0
269.779 0
269.879 0
269.981 0
270.133 0
270.34 0
270.355 0
270.391 0
270.485 0
270.588 0
270.687 0
270.787 0
270.892 2
270.991 0
271.093 0
271.193 2
271.551 0
271.567 0
271.588 0
271.608 0
271.703 0
271.806 2
272.203 0
272.365 0
272.391 2
272.415 2
272.46 0
272.577 0
272.629 2
272.736 0
272.932 0
273.028 0
273.131 0
273.285 0
273.433 0
273.462 0
273.532 2
273.634 0
273.735 0
273.833 0
273.986 0
274.035 0
274.131 0
274.235 0
274.334 0
274.483 0
274.592 0
274.647 0
274.734 0
274.942 0
274.963 0
275.152 0
275.173 0
275.251 0
275.508 0
275.538 0
275.565 0
275.865 2
275.894 2
275.922 2
275.971 2
276.058 0
276.264 0
276.287 2
276.42 2
276.514 0
276.616 2
276.663 2
276.768 2
276.918 0
276.967 0
277.071 0
277.22 2
277.268 2
277.368 0
277.477 0
277.58 0
277.681 0
277.829 0
277.88 0
277.976 0
278.075 0
278.228 0
278.335 0
278.427 0
278.477 0
278.579 0
278.729 0
278.784 2
278.938 0
278.988 0
279.085 0
279.188 0
279.29 2
279.509 0
279.532 0
279.614 0
279.828 0
280.101 2
280.119 0
280.172 0
280.267 0
280.418 0
280.468 2
280.571 0
280.728 0
280.979 0
280.998 0
281.034 0
281.333 0
281.483 0
281.502 0
281.524 0
281.549 0
281.585 0
281.734 0
281.836 0
281.941 0
282.043 0
282.095 0
282.293 0
282.31 0
282.402 0
282.503 0
282.597 0
282.795 0
282.814 0
282.895 0
282.995 0
283.107 0
283.297 0
283.315 0
283.406 0
283.506 0
283.71 0
283.729 0
283.805 0
283.965 0
284.005 0
284.108 0
284.205 0
284.307 0
284.414 0
284.512 0
284.612 0
284.713 0
284.818 0
284.914 0
285.018 0
285.122 0
285.215 0
285.315 2
285.479 0
285.574 0
285.624 0
285.725 0
285.822 2
285.927 0
286.029 0
286.126 2
286.224 0
286.328 0
286.427 0
286.581 0
286.631 0
286.783 0
286.932 0
286.95 2
287.039 2
287.139 0
287.235 0
287.446 2
287.541 2
287.556 0
287.79 0
287.891 0
287.994 2
288.102 2
288.357 2
288.378 0
288.452 0
288.508 0
288.603 0
288.757 0
288.807 0
288.909 0
289.009 0
289.272 0
289.294 0
289.472 0
289.49 0
289.521 2
289.613 0
289.712 2
289.874 0
289.919 0
290.013 0
290.115 0
290.272 0
290.325 0
290.522 0
290.821 0
290.838 0
290.864 2
290.924 0
290.969 0
291.126 0
291.227 0
291.325 2
291.377 0
291.52 0
291.573 0
291.677 0
291.78 2
291.879 0
291.985 2
292.079 2
292.23 2
292.286 2
292.381 2
292.479 2
292.584 2
292.684 2
292.981 2
293.001 0
293.141 0
293.159 0
293.189 0
293.493 0
293.514 2
293.601 0
293.619 0
293.689 0
293.791 0
293.895 2
293.991 0
294.089 0
294.344 0
294.36 0
294.439 0
294.502 0
294.593 0
294.694 0
294.798 0
294.952 2
295.004 2
295.1 0
295.201 2
295.311 2
295.411 2
295.668 2
295.817 0
295.98 2
296.009 0
296.136 2
296.268 0
296.291 0
296.423 0
296.483 0
297.022 0
297.052 0
297.217 0
297.243 0
297.265 0
297.29 0
297.339 0
297.416 0
297.516 0
297.629 0
297.686 0
297.854 0
297.904 0
297.99 0
298.091 0
298.185 0
298.282 0
298.384 0
298.685 0
298.703 0
298.749 0
298.786 0
298.884 0
299.042 0
299.099 0
299.203 0
299.297 0
299.407 0
299.502 0
299.605 0
299.765 0
300.129 2
300.163 0
300.195 0
300.228 0
300.265 2
300.344 2
300.437 0
300.54 0
300.644 2
300.937 0
300.958 0
300.989 0
301.038 0
301.191 0
301.342 0
301.369 0
301.693 0
301.71 0
301.733 0
301.958 0
302.013 2
302.177 0
302.22 2
302.372 0
302.426 0
302.539 0
302.637 0
302.917 0
303.032 0
303.178 0
303.212 0
303.277 0
303.309 0
303.384 0
303.491 0
303.72 0
303.763 0
303.864 0
303.93 0
304.526 0
304.559 0
304.599 2
304.624 0
304.662 0
304.701 0
304.736 0
304.862 0
304.961 0
304.991 0
305.086 0
305.186 0
305.29 2
305.335 0
305.431 0
305.531 0
305.685 2
305.732 0
305.834 0
305.938 0
306.043 0
306.138 0
306.244 0
306.343 0
306.493 0
306.644 2
306.672 2
306.848 2
306.95 2
306.975 2
307.146 2
307.169 0
307.305 0
307.352 0
307.454 0
307.602 0
307.702 0
307.758 0
307.856 0
308.056 0
308.082 0
308.159 2
308.313 0
308.363 0
308.466 0
308.56 0
308.663 0
308.764 0
308.866 0
309.027 0
309.065 0
309.268 0
309.292 0
309.422 0
309.661 0
309.86 0
309.893 0
309.92 0
309.952 0
310.009 0
310.108 0
310.264 0
310.309 0
310.411 2
310.506 0
310.614 2
310.765 0
310.867 2
311.168 0
311.226 0
311.275 0
311.423 0
311.471 0
311.576 0
311.672 0
311.88 0
311.907 2
311.978 2
312.082 2
312.182 0
312.284 0
312.38 0
312.489 0
312.583 0
312.691 0
312.833 0
312.887 0
312.992 0
313.187 0
313.207 0
313.342 0
313.401 0
313.591 0
313.616 0
313.695 0
313.793 0
313.895 0
314.049 0
314.106 0
314.196 0
314.308 0
314.661 0
314.685 0
314.711 0
314.763 0
314.808 0
314.904 0
315.063 0
315.109 0
315.363 0
315.388 0
315.516 0
315.565 0
315.865 0
315.887 0
315.911 0
315.939 0
316.121 0
316.172 0
316.219 0
316.37 0
316.476 0
316.521 0
316.621 0
316.779 0
316.83 2
316.926 0
317.081 0
317.187 2
317.233 0
317.533 2
317.562 0
317.79 2
317.815 0
317.838 0
317.889 0
318.033 0
318.06 0
318.136 0
318.289 0
318.349 2
318.496 0
318.549 0
318.849 0
318.907 2
319.305 0
319.334 2
319.364 2
319.391 0
319.563 0
319.589 0
319.618 0
319.871 2
319.899 0
319.97 0
320.025 0
320.123 0
320.221 0
320.319 0
320.489 0
320.584 0
320.632 0
320.729 0
320.827 0
320.984 0
321.133 0
321.161 0
321.234 0
321.335 2
321.433 2
321.531 0
321.632 0
321.735 0
321.835 0
321.937 2
322.035 0
322.14 0
322.24 2
322.342 0
322.499 0
322.589 0
322.691 2
322.745 0
322.842 0
322.995 0
323.048 0
323.199 0
323.298 0
323.352 0
323.448 0
323.561 0
323.722 0
323.754 0
324.056 0
324.081 0
324.107 0
324.161 0
324.26 2
324.356 0
324.459 0
324.558 0
324.716 0
324.76 0
324.859 0
325.005 0
325.123 2
325.217 0
325.268 0
325.365 0
325.464 0
325.564 0
325.943 0
325.969 0
326.197 0
326.225 0
326.267 2
326.302 2
326.335 2
326.42 2
326.567 0
326.637 0
326.771 0
326.815 0
327.068 0
327.223 0
327.27 0
327.371 2
327.474 0
327.729 0
327.758 0
327.784 0
327.981 0
328.008 0
328.132 0
328.18 0
328.283 0
328.382 0
328.486 0
328.586 0
328.687 0
328.84 0
328.889 0
328.994 0
329.142 0
329.239 0
329.304 0
329.392 0
329.492 0
329.742 0
329.895 0
329.92 0
329.952 0
330.006 0
330.151 0
330.204 0
330.306 0
330.399 0
330.503 0
330.603 0
330.7 0
330.86 0
330.904 0
331.013 0
331.11 0
331.262 0
331.316 0
331.558 0
331.661 2
331.69 2
331.72 0
331.812 0
331.91 0
332.013 0
332.115 2
332.214 2
332.314 0
332.42 0
332.526 0
332.622 0
332.731 0
332.825 2
333.071 0
333.181 0
333.289 2
333.388 0
333.535 0
333.594 2
333.69 0
333.789 2
333.945 0
333.995 0
334.196 0
334.221 0
334.552 0
334.585 2
334.66 0
334.689 0
334.762 0
334.807 2
334.904 2
335.008 0
335.205 0
335.232 0
335.31 0
335.411 0
335.558 0
335.659 0
335.707 0
335.809 0
335.908 0
336.011 0
336.121 0
336.211 0
336.372 2
336.425 2
336.516 0
336.613 0
336.717 0
336.821 0
336.926 0
337.03 2
337.131 0
337.232 0
337.331 2
337.427 0
337.526 0
337.632 0
337.729 0
337.882 0
337.927 0
338.029 0
338.187 0
338.229 0
338.333 0
338.433 0
338.53 0
338.633 0
338.735 0
338.843 0
338.94 0
339.092 0
339.147 0
339.243 0
339.343 0
339.497 0
339.747 0
339.767 0
339.791 0
339.848 0
340.007 0
340.052 0
340.155 0
340.254 0
340.355 0
340.505 0
340.56 0
340.656 0
340.754 0
340.865 0
340.96 0
341.31 0
341.331 0
341.357 0
341.465 0
341.487 0
341.565 0
341.671 2
341.767 0
342.076 0
342.281 0
342.313 2
342.334 0
342.444 0
342.543 2
342.644 0
342.851 0
342.872 0
343.054 0
343.074 0
343.156 2
343.252 0
343.354 0
343.459 2
343.66 0
343.681 0
343.811 0
343.863 0
343.962 0
344.075 0
344.169 2
344.289 0
344.427 0
344.476 0
344.626 0
344.675 0
344.932 0
344.956 0
344.983 0
345.083 0
345.186 0
345.329 0
345.384 0
345.529 0
345.632 0
345.735 0
345.788 0
346.141 0
346.165 0
346.191 0
346.284 0
346.306 0
346.388 0
346.489 0
346.588 0
346.844 0
346.868 0
346.901 0
347.001 0
347.202 2
347.234 0
347.306 0
347.404 0
347.551 0
347.61 2
347.7 0
347.856 0
347.907 2
348.007 2
348.205 2
348.368 0
348.399 2
348.425 0
348.508 0
348.612 2
348.762 0
348.82 2
348.917 0
349.016 0
349.115 0
349.322 2
349.383 0
349.427 2
349.687 2
349.794 0
349.89 0
350.099 0
350.125 2
350.198 0
350.353 0
350.404 2
350.5 0
350.6 0
350.703 0
350.803 0
350.904 0
351.008 0
351.107 0
351.212 0
351.317 0
351.415 0
351.513 0
351.763 0
351.917 0
351.941 0
351.969 0
352.029 0
352.369 0
352.392 0
352.418 0
352.721 0
352.746 0
352.778 0
352.804 0
352.882 0
352.984 2
353.035 2
353.134 0
353.242 0
353.333 0
353.433 0
353.539 2
353.688 0
353.74 0
353.838 0
353.94 0
354.093 0
354.144 0
354.396 0
354.419 0
354.445 0
354.596 0
354.649 0
354.793 0
354.851 0
354.948 0
355.047 0
355.207 0
355.308 0
355.355 0
355.501 0
355.556 2
355.708 0
355.855 0
355.875 0
355.956 0
356.11 0
356.412 0
356.429 0
356.451 0
356.513 0
356.569 2
356.665 0
356.833 2
356.927 2
356.97 0
357.127 2
357.227 0
357.279 2
357.373 2
357.581 0
357.606 2
357.726 0
357.776 0
357.881 0
357.979 0
358.079 0
358.233 0
358.279 0
358.383 0
358.539 0
358.639 0
358.686 2
358.784 0
358.887 0
359.035 2
359.389 0
359.402 0
359.42 0
359.438 0
359.635 2
359.65 0
359.699 2
359.842 0
359.9 0
359.996 0
360.096 0
360.2 0
360.349 0
360.454 0
360.503 0
360.597 2
360.701 0
360.865 0
360.951 0
361.002 0
361.105 0
361.266 0
361.311 0
361.511 0
361.529 0
361.669 2
362.019 0
362.035 0
362.058 0
362.08 0
362.116 0
362.27 0
362.322 0
362.626 0
362.727 0
362.743 0
362.78 0
362.93 0
362.984 0
363.026 0
363.127 0
363.236 0
363.386 0
363.433 0
363.535 0
363.634 0
363.73 0
363.834 0
363.937 0
364.031 0
364.135 0
364.289 0
364.347 0
364.491 0
364.742 0
364.76 0
364.781 0
364.843 0
364.946 0
365.101 0
365.26 0
365.282 0
365.353 0
365.551 0
365.57 0
365.655 0
365.751 0
365.904 0
365.958 0
366.103 0
366.158 0
366.271 0
366.357 0
366.46 0
366.718 0
366.737 0
366.817 0
366.866 0
367.021 0
367.071 0
367.173 0
367.274 0
367.471 0
367.534 0
367.587 0
367.68 0
367.883 0
367.901 0
367.984 0
368.092 0
368.189 0
368.29 0
368.387 0
368.541 0
368.595 0
368.694 0
368.797 0
368.943 0
368.998 0
369.096 0
369.25 0
369.314 0
369.401 0
369.501 0
369.608 0
369.711 0
369.808 0
369.961 0
370.014 0
370.255 0
370.273 0
370.314 0
370.457 0
370.555 0
370.615 0
370.758 0
370.811 0
370.914 0
371.01 0
371.11 0
