Time LX LY LZ
8.44687 1.4462e+07 1.4462e+07 1.4462e+07
8.54831 369.91 507.306 1073.55
8.64821 5924.45 1764.19 16737.5
8.94782 5961.73 1771.57 16913.3
8.95367 5982.74 1783.26 17085
8.9593 5991.41 1797.79 17329.7
9.05134 5988.11 1813.24 17741
9.15014 5980.69 1829.81 18503.6
9.25288 5974.53 1847.54 16123.1
9.35145 5962.15 1864.29 16461.7
9.45226 5949.97 1879.83 16769.2
9.60357 5271.47 1701.21 13478
9.65611 5262.11 1713.32 13670.8
9.75512 5243.4 1723.25 13888
9.85916 372.993 778.331 3832.83
10.0147 5756.9 1668.17 14870.4
10.0575 377.266 523.04 1116.01
10.5206 376.699 493.459 896.4
10.5284 378.369 469.988 761.019
10.5376 383.786 617.925 1959.69
10.5465 380.988 511.403 1015.02
10.5654 382.84 634.983 1983.72
10.6666 383.796 539.012 1371.99
10.7651 11064.6 2689.08 17689.4
11.0685 385.424 584.622 1752.01
11.0758 11238.2 2682.25 17790
11.084 387.87 689.471 2949.03
11.2248 12743.5 2847.34 18310.5
11.2684 12743.1 2852.37 18345.9
11.3709 12745.9 2857.77 18380.4
11.4763 389.343 615.719 1979.56
11.7216 11409.1 2394.13 17279.4
11.7294 11403.8 2395.87 17291.8
11.7718 11403.7 2398.49 17307.3
11.9272 11408.4 2401.69 17325.2
12.0271 389.57 593.755 1870.03
12.0847 388.164 493.975 915.887
12.18 391.353 706.121 3005.9
12.2786 16324.3 3110.56 19380.3
12.3775 16380 3117.97 19426.3
12.4823 390.899 517.81 1088.83
12.6808 16699.3 3182.13 19488.9
12.6912 391.951 626.273 1990.6
12.7842 391.972 558.341 1348.22
12.9334 18438.3 3275.68 19844.5
12.9827 18518.6 3284.64 19878.6
13.0862 18596.7 3293.49 19912.7
13.1874 393.15 755.894 4039.11
13.2851 20365.2 3486.25 21224.8
13.3893 20427.2 3495.99 21282.4
13.4904 20486.7 3504.76 21331.7
13.5885 20542.9 3512.83 21373.3
13.742 393.76 684.42 2925.88
13.7915 22674.7 3722.26 21266.9
13.891 22725.9 3729.77 21304
13.9918 22772.1 3736.94 21342.9
14.0917 22819.5 3744.4 21384.2
14.192 22863 3751.46 21424.5
14.295 22906.9 3758.68 21466.7
14.3966 22953.4 3766.34 21512.5
14.4938 23003.8 3774.26 21559.1
14.5954 23057.2 3782.49 21607.8
14.7501 23111.2 3790.85 21658.3
14.8476 23168.1 3799.43 21710.1
14.9003 23229.7 3808.39 21763.9
15.0001 23301.7 3818.95 21822.8
15.153 23379.9 3829.71 21884.9
15.209 23466 3841.33 21950.6
15.5339 23558.2 3853.68 22018.2
15.8446 23658.9 3866.86 22089.3
16.4043 23814.4 3886.34 22192.6
16.4449 24135.7 3925.29 22380.5
16.4812 24283 3942.59 22471.6
16.5101 24437.9 3961.3 22563.4
16.5254 24608.9 3981.53 22660
16.7088 24795.7 4003.37 22762.3
16.7198 25005.6 4027.98 22873.5
16.7339 25232.2 4053.79 22991.1
16.7462 23159.6 3859.51 21896.9
16.7884 23394.6 3887.26 22006.9
17.0404 23645.8 3916.67 22122.4
17.0567 23914 3947.57 22244.2
17.0903 24211.2 3982.86 22376.7
17.1842 24534.1 4019.84 22518.4
17.2828 24883 4058.96 22668.8
17.4345 25247.8 4099.26 22823.1
17.4857 25637.8 4142.31 22986.7
17.6366 26046.6 4186.3 23155.2
17.688 26471.5 4231.49 23327.5
17.937 24362.9 4095 22484.9
17.9467 24766 4141.03 22655.3
18.0365 25177.4 4186.9 22825.6
18.1365 25596.3 4234.27 22998.7
18.2401 26035.8 4284.35 23179
18.2888 26497 4335.86 23364.5
18.4386 26492.5 4349.42 23524.2
18.4932 26417.8 4365.4 23679.4
18.5922 26912.5 4419.14 23878.6
18.6944 27422.9 4474.68 24082.6
18.7959 27948.5 4530.6 24289
18.8946 28379.5 4456 24482.8
18.9918 28918.6 4510.22 24688
19.0954 29462.3 4565.13 24893.5
19.1977 30021.9 4622.8 25104.6
19.2991 30611.8 4683.12 25324.3
19.3948 31220.3 4744.56 25548.3
19.4996 31859.7 4809.09 25781.8
19.6023 31383.1 4788.77 25935.9
19.6995 32082.7 4857.03 26190.7
19.7998 32808.7 4927.5 26451.7
19.8996 33557.7 4998.47 26716.2
20.0023 34322.9 5070.02 26982.7
20.103 35111.2 5144.63 27255.3
20.3069 35956.5 5226.21 27545.9
20.3653 36886.6 5314.09 27858.8
20.508 37872 5405.5 28184.9
20.5166 38937.9 5503.66 28532.5
20.8123 40071.8 5604.12 28893.3
20.8203 38054.7 5186.61 28251.5
20.8649 393.325 828.918 3037.07
20.9127 39210.9 5331.96 28779.9
21.0599 36589.6 5104.4 27268.3
21.1174 37697.1 5203.34 27670.2
21.2133 391.276 890.949 3251.33
21.3121 41578 5508.26 29455.4
21.4154 40768.4 5449.39 29537.7
21.769 37908.1 4897.74 28849.6
21.7777 35269.8 4818.4 28461.8
21.7928 36597.4 4927.6 28997.4
21.8669 38030.8 5042.63 29546.3
21.9196 39574.8 5163.27 30125.7
22.0185 41228.4 5289.32 30715.7
22.1682 37918.8 4995.6 27983.3
22.2747 389.287 1005.02 3727.21
22.3232 43269.9 5508.89 30775.8
22.4234 45332.2 5661.4 31461.2
22.5246 37359 4895.43 29517.5
22.6266 39265.8 5034.95 30177.6
22.7241 41326.6 5181.19 30866.6
22.8273 393.851 669.076 1179.54
22.9783 391.508 817.053 1948.87
23.1276 46384.2 5561.6 31317.1
23.1353 31796.5 4432.53 25835.8
23.2834 391.197 857.429 1939.21
23.3814 27298.7 4092.11 25714.9
23.4311 21202.8 2910.36 24953.2
23.5303 17282.1 2438.59 20155.8
23.6334 17327.5 2397.99 20520.9
23.7373 18207.8 2473.91 21002.1
23.8326 19135 2553.22 21514.3
23.9865 20101.1 2636.17 22068.9
24.0411 389.962 804.76 1465.25
24.1892 388.585 872.366 1746.54
24.2384 22109 2652.69 23045.5
24.6121 385.979 1103.63 2841.87
24.6287 22529.1 2788.68 23270.7
24.6421 23976.8 2898.77 23798.9
24.6803 25451.7 3016.67 24472.7
24.7682 390.834 748.401 1109.18
24.868 29057.5 3228.79 25376.9
24.968 31001.7 3364.4 26065.5
25.073 384.938 1210.8 2810.37
25.2196 385.817 1152.22 2675.57
25.2717 386.786 1058.94 2088.24
25.3699 23036.6 2748.59 26422.5
25.4707 27735.2 2861.79 24231
25.5788 23704.7 2925.27 28040.5
25.6756 28809.6 2881.51 24678.9
25.7772 30580.8 3012.8 26066.8
25.8819 32749.2 3156.89 27411.7
25.981 378.408 1485.12 3663.88
26.0821 35017.2 3767.05 31390.7
26.1813 30354.2 2972.07 24976.9
26.2825 20210.7 2557.31 25293.8
26.5322 382.883 1089.12 1909.55
26.5413 12770.3 1845.08 19575.4
26.6359 13813.4 1925.48 20249.8
26.69 12733.6 1932.83 20004.5
26.7887 380.342 1222.87 2187.73
26.9369 382.254 1056.48 1684.23
27.0379 17406.5 2157.53 22719.8
27.1911 18990.2 2261.54 23555.8
27.2069 380.443 1076.49 1694.46
27.3013 23113.4 2543.77 25480.2
27.3991 25390.6 2684.53 26559.8
27.4997 25400 2688.88 26636.5
27.904 28323.8 2851.51 27797.8
27.9167 23097.6 2494.54 27463.4
27.9253 16204.5 2177.3 24873.4
27.9357 18165.6 2266.67 26188.9
28.0022 20452.8 2362.9 27638.7
28.0981 23124.4 2465.7 29231.8
28.4087 22113 2502.12 28832.3
28.4151 25332.3 2616.44 30634.5
28.4204 13679.2 2516.12 23112.8
28.5009 12062.1 2612.28 22175.2
28.6021 13563.4 2774.11 23788.8
28.8118 893.459 325.308 3400.89
29.0147 326.593 960.931 3056.98
29.0285 1235.69 318.152 4808.12
29.0438 1354.99 12869.7 16578.1
29.1176 1251.06 280.312 8477.01
29.219 321.824 904.267 3976.55
29.3165 312.086 312.086 4444.55
29.417 324.583 966.67 3786.84
29.5711 5782.9 572.995 13772.7
29.8128 783.107 315.999 2943.57
29.9084 449.822 194.615 1278.63
29.9537 5348.25 668.845 13262.8
30.0536 5215 644.847 13131.1
30.1612 740.416 249.873 3579.28
30.2588 906.729 230.39 4575.94
30.3578 5878.83 803.425 13868.7
30.5136 551.989 193.847 3798.73
30.5649 513.728 234.004 2237.37
30.6673 524.04 211.276 3584.05
30.7672 9064.78 1104.45 15750.8
30.8631 9084.74 1106.26 15792.7
30.9653 929.592 232.289 4631.97
31.0655 855.404 236.514 4342.94
31.1678 12381.4 2039.95 18980
31.3169 12345.6 2031.44 19003.3
31.3756 12303.3 2022 19018.4
31.5224 12259.2 2012 19028.3
31.5753 12219.5 2002.75 19038.8
31.6693 12183 1993.9 19048.7
31.8246 12149.8 1985.48 19058.3
31.8761 12008.7 1974.99 18885.8
31.9746 11981.1 1967.3 18892.1
32.1213 11950.4 1959.93 18897.5
32.1765 11921.4 1953.26 18903.7
32.2759 11889.7 1945.65 18906.6
32.3771 11862.9 1939.41 18914.1
32.4766 11834.7 1933.15 18920.5
32.579 11803.7 1926.51 18925
32.6789 11772.7 1919.59 18928.7
32.7808 11742.2 1913.02 18932.3
32.8817 11712.2 1906.6 18934.3
32.9858 11681.1 1900.82 18937.7
33.1363 11651.3 1896.04 18942.7
33.1929 11622.7 1891.6 18948.9
33.3368 11596 1887.48 18955.7
33.3923 11570.7 1883.76 18963.6
33.4943 11545.2 1880.24 18971.4
33.642 11521.2 1876.81 18981.2
33.6906 11497.8 1872.66 18989.6
33.7941 11478.2 1869.99 19000.8
33.8979 11462 1868.3 19015.7
34.0429 11448.6 1866.88 19031.6
34.1424 11437.7 1865.74 19047.9
34.1982 11429.3 1865.98 19065.9
34.2964 553.099 215.761 3130.55
34.3939 501.902 199.803 2601.36
34.6004 11912.3 2016.3 20109.9
34.6102 11906.9 2019.87 20137.3
34.7002 833.392 195.26 5805.06
34.8472 14194.2 2277.35 21434.8
34.9012 747.174 219.551 4149.64
34.9987 16508.9 2540.43 22644.2
35.1073 787.995 211.217 4174.69
35.2031 15107.6 2505.72 22594.5
35.3034 15124.3 2522.42 22646.9
35.4605 757.734 217.013 3930.96
35.5092 13652.6 2248.71 22332.7
35.6052 13649.1 2272.82 22400.9
35.713 12997.5 2280.85 22387.7
35.8109 12869.4 2254.1 21947.4
35.9593 12875.7 2281.3 22014.4
36.0089 12883.4 2310.48 22083.6
36.1138 12876.6 2120.75 22148
36.265 12881.6 2152.6 22218.4
36.3184 12888.1 2185.54 22286.6
36.4699 12830.6 2163.39 22286.8
36.5625 12801.7 2165.57 22317.2
36.7912 770.319 203.557 5646.02
36.8573 14336.4 2455.25 23396
36.9598 14335 2453.04 23405.2
37.0621 817.642 206.262 6284.47
37.1586 15940.3 2727.64 24784.3
37.3119 15884.9 2714.32 24756.6
37.5129 15795.6 2695.84 24704.3
37.5296 15680.6 2674.42 24635.2
37.5579 15525.9 2646.19 24529.1
37.6569 15315.7 2604.2 24357.6
37.7618 14990.6 2541.31 24080.7
37.8599 14558.1 2464.12 23717.7
37.9605 14036.5 2374.49 23280.8
38.0625 12083 2028.28 21529.7
38.1623 11497.4 1930.97 21002.4
38.2717 10881.5 1833.1 20456.1
38.4177 10263.7 1735.82 19897.1
38.4659 9662.58 1641.83 19343.1
38.5704 8547.88 1416.12 18089.6
38.675 7710.14 1246.54 17295.9
38.8265 7230.16 1174.68 16773.5
38.8681 6778.16 1107.25 16269
38.9689 6359.17 1044.91 15789.2
39.0735 629.632 287.965 2632.21
39.1716 6234.91 1005.02 15290.9
39.2793 5875.1 953.715 14870.9
39.3761 5547.18 906.731 14474.3
39.474 5251.73 864.439 14110.7
39.6247 4989.31 827.015 13781.1
39.7288 4757.73 794.273 13487.2
39.7844 2831.08 771.86 2831.08
39.9251 5334.13 918.893 13343
39.9793 5170.67 897.285 13162.3
40.0832 620.8 188.645 3448.79
40.1857 692.63 192.446 2725.2
40.2809 8948.15 1948.74 17094
40.3897 227.421 227.421 13679.2
40.5363 11777.6 2770.69 20525.2
40.5884 762.376 205.598 3016.29
40.6881 248.417 1570.57 10558
40.7897 718.249 190.537 2941.09
40.8878 17303.9 3981.87 25322.6
41.0466 17266 3977.87 25305.2
41.0972 819.004 209.914 3344.18
41.1942 21424.6 4718.25 28518.2
41.2961 21413.3 4717.26 28514.9
41.398 21033.7 4706.4 28483.7
41.4963 6027.36 1782.26 6027.36
41.5951 25285.4 6015.62 29710.3
41.6966 25265 6026.19 29693.7
41.8009 23813.1 5867.22 27929.7
41.998 24161.3 5954.3 28101.9
42.0676 22426.6 5385.54 28021.4
42.1605 23332.6 5437.74 28494.3
42.2125 24426.4 5474.94 28970.7
42.5054 20366.6 4139.35 28002.8
42.5178 21523.9 3862.58 28648.6
42.5319 22824.5 3892.17 29587.2
42.6037 20868.4 3570.46 26462.4
42.7032 19023.2 3272.1 24426.5
42.8041 13693 2558.74 20088.6
42.9091 14088.4 2584.49 20329.9
43.008 547.405 164.284 2018.66
43.1071 15036.8 2704.76 20907
43.2102 418.884 112.625 1105.13
43.3128 15355.6 2710.07 20959.3
43.4095 15345.4 2703.6 20949.3
43.5104 15319.8 2698.44 20931.6
43.6158 489.769 155.035 1698.43
43.7132 15828.2 2753.41 20998.4
43.8154 630.849 183.069 2528.45
44.0184 16959.9 3007.79 21449.7
44.0309 16910.6 3003.83 21420.8
44.12 16859.4 2999.17 21389.8
44.2229 16808.6 2994.14 21358.4
44.3749 16758.9 2988.9 21326.7
44.5753 16705.6 2982.84 21293.1
44.5853 16653.3 2977.33 21260.1
44.6241 16603.6 2972.32 21231
44.7258 16557.4 2966.7 21202.3
44.8237 16509.5 2960.48 21171.9
44.9766 16461.6 2954.47 21142.7
45.074 16416.6 2949.45 21114.9
45.1276 16374.8 2944.31 21091.9
45.2277 16336.6 2939.72 21071.2
45.377 16303.7 2935.64 21053.2
45.4822 16273.2 2931.96 21038.8
45.5297 16247.3 2928.53 21025.5
45.631 16220.3 2924.9 21013.2
45.7802 16193.8 2921.67 21002.7
45.8874 16165.9 2917.75 20991.7
45.9867 16136.8 2913.71 20980.7
46.0361 16105.8 2909.39 20969.3
46.1354 16074.2 2905.02 20958.3
46.287 16040.2 2900.46 20946.4
46.3379 16003.8 2895.64 20933.8
46.4376 15963.1 2890.41 20919.7
46.7413 15920.9 2885.02 20905.3
46.7516 15876.2 2879.39 20890.7
46.7624 15830.6 2873.21 20874.8
46.8463 15777.7 2865.99 20854.9
46.9913 15717 2857.77 20832.4
47.0464 15650.2 2848.76 20805.7
47.1481 15578 2839.12 20776.8
47.2976 15500.3 2828.85 20745.7
47.3475 15415.7 2817.5 20710.7
47.4968 15325.8 2805.57 20671.9
47.5487 15231.3 2793.18 20631.6
47.6504 15131.4 2779.54 20587.4
47.7497 15025.9 2765.61 20538.4
47.9062 14908.3 2749.08 20483.1
48.0018 14782.8 2732.09 20423.1
48.1034 14649.6 2714.39 20359.5
48.1596 14513.8 2696.64 20294.2
48.255 14374.3 2678.32 20226.2
48.356 14232.8 2659.54 20156.6
48.4574 14089.7 2640.7 20085
48.5587 13946 2622.57 20013.9
48.6597 13804.9 2604.54 19944.3
48.7603 13667.3 2586.27 19874.5
48.8619 13522.3 2565.76 19797.7
48.962 13370.8 2544.75 19716.7
49.0666 13216.3 2524.13 19633.9
49.1686 1215.13 225.203 5390.23
49.2653 16465.8 3791.69 22976.9
49.3642 16245.4 3753.96 22831.6
49.4721 1269.86 238.32 5691.01
49.6208 17678.3 4391.64 24633.4
49.6695 17321.8 4332.64 24383.9
49.9181 17073 4285.02 24181.8
49.9336 16805.5 4232.49 23972.2
50.0304 16522.1 4177.46 23748.5
50.1249 16227.4 4120.83 23519.4
50.1746 1366.54 238.669 8963.68
50.2742 19421.8 4692.7 24688
50.3763 1415.19 220.481 8613.58
50.4764 21632.1 4972.07 26246.5
50.5804 21083.5 4894.15 25967.4
50.7299 20551 4817.7 25692.5
50.7819 1173.92 250.171 4912.58
50.8851 1254.25 222.374 7563.27
50.9827 22837.8 5463.47 27537.7
51.0893 22144.6 5355.13 27159.8
51.2867 21449.4 5246.38 26775.3
51.2986 20798.5 5172.82 26462.6
51.5323 1532.26 238.01 6510.19
51.5827 22786.8 5759.54 27417.2
51.6865 22477.8 5733.23 27296.6
51.984 22273.7 5717.68 27221.1
51.9976 1182.68 201.624 6895.68
52.2902 24374.2 6051.19 28690.1
52.3041 922.825 272.577 3735.27
52.3202 26032.4 6399.58 29117
52.3409 26142.9 6421.98 29187.9
52.3927 908.922 266.33 3495.99
52.4905 27829.4 6742 29734.5
52.6004 27888.3 6749.23 29768.4
52.7019 27925.5 6753.34 29792.8
52.8042 27939.7 6753.55 29804.1
52.9051 27945.5 6752.77 29808.5
53.0516 27932 6749.6 29806.1
53.1546 27914.3 6745.69 29799.2
53.2059 27888.7 6740.51 29788.3
53.2987 27857.7 6735.12 29775.4
53.3986 27824.6 6729.31 29760.2
53.4981 27792 6724.04 29747.1
53.6023 27766.2 6719.56 29736.7
53.7086 27741.2 6715.12 29726.4
53.8105 27713.3 6710.03 29712.8
53.911 27690.1 6705.8 29701.6
54.0196 27669 6702.22 29692
54.1133 27645.8 6698.18 29679.7
54.2097 27613.4 6692.71 29663.6
54.3613 27572.9 6686.22 29645.1
54.4115 27535.1 6680.01 29627.5
54.5109 27499.4 6673.77 29608.9
54.6231 27305 6648.98 29521.1
54.7664 27241 6638.14 29488.5
54.8244 27184.3 6628.5 29459.5
54.9198 27122.9 6618.09 29429.1
55.0142 27065.2 6609.01 29401.8
55.1152 27012.1 6600.85 29375.8
55.2189 26954.1 6592.03 29349.6
55.3227 26909.8 6584.93 29328.9
55.4178 26871 6578.82 29310.4
55.5233 26837.6 6573.15 29293.5
55.6223 26809.4 6569.32 29282
55.7239 547.629 216.275 2630.63
55.8818 27074.6 6581.91 29563.6
55.926 27058.7 6579.5 29557.5
56.0256 27042.1 6577.42 29552.6
56.1274 27037.3 6577.19 29554.5
56.2789 26730.7 6559.5 29254.8
56.3292 523.877 179.604 2960
56.4825 444.179 150.693 1539.73
56.6329 24939.4 6296.22 28328.3
56.6495 786.695 215.334 3357.64
56.7335 26321.8 6496.89 29466.8
56.8349 24325.3 5965.12 27861.9
56.9879 20693.6 5233.19 25863.5
57.0915 870.501 204.728 5051.07
57.1874 22678.8 5432.08 26787.9
57.2886 740.943 216.235 3150.54
57.3404 782.958 210.568 3353.86
57.7994 24299.5 5838.51 28113.2
57.8151 443.709 152.503 1647.16
57.8327 393.476 89.1019 1236.41
57.8462 20500.5 5260.47 26470.5
57.9091 19407.3 5023.04 25892.5
57.9967 19348.7 4944.21 25870.5
58.0965 19309.6 4949.14 25859.2
58.3084 459.689 162.146 2138.18
58.4084 19447.9 4956.38 25881.8
58.5087 19367 4943.16 25838.7
58.6675 19287.7 4928.26 25787.9
58.712 19191.2 4909.75 25724.6
59.12 19072.8 4886.17 25646.2
59.1336 530.328 150.985 1932.06
59.1519 1273.54 222.657 5487.4
59.177 22574.5 5275.39 26592
59.2203 22180.7 5193.24 26348.3
59.4176 21615.2 5077.6 25999.5
59.4315 20885.1 4930.6 25545.6
59.5205 20021.8 4756.55 25004.6
59.6746 19044.7 4558.75 24380.1
59.725 17961.9 4278.58 23682.9
59.8784 16853.1 4056.73 22944.2
59.9245 15763.5 3839.02 22213.3
60.0254 14717.4 3626.93 21488.6
60.1299 13286.8 3335.62 20639.3
60.2341 12272.6 3084.45 19950.3
60.4261 11437.9 2908.11 19285.4
60.5321 10667.7 2744.05 18653.3
60.5438 9900.46 2544.52 18061.6
60.6347 9274.17 2410.6 17514.4
60.7295 8716.89 2290.32 17013.1
60.8888 7878.87 2112.94 16361.1
60.9369 7300.36 2015.78 15893.6
61.0364 734.938 247.841 2242.6
61.1375 7005.52 1929.06 15325.7
61.2405 513.582 277.875 1693.18
61.3355 6742.86 1872.12 15123.5
61.4434 2197.08 693.85 2197.08
61.5885 6637.36 1914.98 14808.7
61.696 373.788 583.237 2334.74
61.743 516.377 133.258 2042.17
61.8454 715.849 172.588 2322.63
61.9442 7969.56 2334.21 15562.1
62.104 266.226 1610.3 8047.88
62.1496 283.722 1348.28 3816.11
62.2477 517.739 130.089 1633.23
62.3519 371.049 414.791 1715.79
62.4614 283.861 1786.5 4927.01
62.5597 276.748 1388.74 3924.01
62.6537 5893.68 985.877 16038.4
62.8031 2331.65 834.389 2331.65
62.8581 6168.98 1102 16225.3
62.9603 6186.4 1104.07 16257.5
63.0573 6207.96 1106.5 16291.3
63.2116 3685.5 253.96 10867.4
63.2636 6261.22 1226.84 16416.8
63.3594 6314.93 1225.1 16436.7
63.5615 6352.07 1119.72 16394.8
63.5779 6418.25 1122.17 16465.8
63.6613 6492.79 1120.4 16554.5
63.7666 6583.67 1115.03 16664.1
63.8681 6393.28 956.069 16669.7
63.9718 5994.55 946.349 16386.3
64.1277 6108.48 938.014 16527.5
64.1808 385.481 68.0387 915.773
64.2735 6912.89 922.378 17202.6
64.3743 6321.64 846.294 16790.4
64.5267 6247.62 809.923 15763
64.6239 441.569 275.581 1969.5
64.6744 890.901 171.164 2951.74
64.8353 7277.45 990.783 16537.1
64.8777 7289.04 988.864 16548.3
64.9811 860.107 261.026 4567.61
65.1842 6742.46 1117.22 16420.1
65.2014 383.847 62.9627 592.878
65.4221 7402.35 1237.22 16687.4
65.5279 899.198 177.193 3375.62
65.6293 870.53 172.175 4586.14
65.7364 386.437 227.595 1930.98
65.8291 9184.98 1719.21 17934.9
65.9329 9182.11 1720.51 17950.3
66.0822 9176.95 1721.09 17960.4
66.1309 9169.98 1721.08 17967.7
66.2366 9162.75 1720.71 17974.8
66.3378 9155.75 1720.15 17980.1
66.4355 9149.68 1719.59 17985.2
66.5412 9143.48 1718.94 17991.4
66.6376 9136.49 1718.2 17995.8
66.7376 9126.88 1717.38 17994.8
66.8392 9115.22 1716.46 17992.9
66.9444 9104.02 1715.73 17991.5
67.0414 9093.19 1715.22 17988
67.1437 9083.32 1714.8 17987.2
67.2423 9074.45 1714.5 17988
67.3944 9066.2 1714.21 17987.5
67.4451 9059.01 1713.99 17988.1
67.5957 9053.25 1713.79 17988.7
67.6479 9048.98 1713.56 17989.7
67.747 9047.98 1713.36 17995.4
67.8463 9048 1713.14 17997.9
67.9515 9049.83 1712.8 18002.9
68.0542 9052.92 1712.37 18008.1
68.1565 9057.03 1711.76 18012.5
68.4085 9063 1711.13 18018.2
68.4298 9069.84 1710.37 18022.8
68.4576 9079.37 1709.59 18030.3
68.5588 9089 1708.55 18036
68.708 9100.4 1707.39 18040.7
68.8059 9113.48 1705.99 18045.8
68.8663 9128.54 1704.32 18053.5
68.9587 9143.91 1702.27 18060.5
69.112 9160.78 1700.02 18065.8
69.1641 9178.9 1697.56 18073.1
69.2623 9197.56 1694.91 18080
69.4136 9216.9 1692.13 18086.3
69.4677 9236.03 1689.12 18089.9
69.5679 9254.48 1685.82 18091
69.6641 9275.69 1682.35 18096.1
69.7654 9299.18 1678.58 18101.7
69.9199 9324.61 1674.58 18109.9
69.9749 1087.92 228.714 4081.76
70.0706 9827.17 1705.7 18501.8
70.1701 9856.38 1701.17 18507.1
70.2734 668.135 227.215 2789.75
70.3749 9463.84 1650.65 18144.4
70.4813 7515.07 1458.95 15000
70.6294 7330.38 1445.18 14865.9
70.68 1232.07 204.628 5682.22
70.8315 7363.5 1438.4 14871.1
70.8791 7381.76 1434.77 14875.6
70.9858 912.367 213.77 4317
71.1796 5308.3 1187.98 12584.3
71.2006 5188.43 1178.21 12413.6
71.2866 574.824 202.421 2983.71
71.3873 3370.17 254.421 3370.17
71.49 986.383 223.547 3644.35
71.5896 474.907 136.191 1520.47
71.9435 6716.88 1368.4 15270.4
71.975 1295.09 207.88 5144.68
72.0072 543.374 175.367 2393.07
72.0372 1035.67 217.621 4774.77
72.1435 7670.41 1604.38 16247.6
72.2041 392.865 75.2062 1101.89
72.2976 6856.33 1547.15 15386.8
72.3968 449.905 159.597 1532.42
72.6328 397.455 294.614 1992.2
72.7369 2536.35 203.319 10154.9
72.8387 6872.5 1522.98 15542.5
72.9408 6846.17 1517.53 15530
73.0899 6813.47 1510.82 15512.7
73.1424 6769.77 1502 15484.7
73.2944 6712.31 1490.63 15442.8
73.3427 239.496 2571.39 12054.9
73.494 11657.6 3064.64 22243.1
73.5947 11327.3 3022.42 21959.1
73.6498 10965.8 2975.43 21638.4
73.7551 276.097 3505.58 12791
73.8562 273.37 3434.54 12488.9
73.9475 15778.9 3632.18 26241.2
74.0981 10085.3 2911.16 19873.5
74.2085 1108.8 235.852 3036.12
74.2578 8398.77 2498.02 18310.8
74.3474 7684.85 2320.36 17406.4
74.505 265.385 1583.91 4522.01
74.5535 6428.3 2043.33 15918.8
74.6568 269.042 269.042 14972.2
74.7518 5368.2 1708.79 14323.8
74.9515 4982.28 1621.6 13842.3
74.9708 4639.94 1541.96 13399
75.0549 4335.63 1469.95 12993.7
75.1551 3826.04 1266.97 11870.9
75.3074 3427.8 1172.73 11159.9
75.3589 3157.3 1134.35 10529.6
75.4633 300.005 2994.79 8035.53
75.5692 244.826 244.826 13400.1
75.8274 251.217 1714.71 6252.05
75.8506 243.293 3476.02 13618.1
75.8692 5873.3 1518.07 15546.9
75.9638 5724.48 1385.4 15269.8
76.0704 716.686 204.868 1942.04
76.3277 235.703 3549.07 12600.4
76.3583 266.801 2114.4 8845.66
76.4737 889.753 192.643 2511.61
76.499 9664.08 1820.9 21177.1
76.5833 289.28 1103.31 4112.96
76.6829 369.288 861.67 2526.76
76.7815 230.558 3382.84 15419.3
76.878 11460.5 2315.96 23999.7
76.9781 11455.3 2314.71 24042.7
77.1288 11452 2313.71 24089.1
77.1839 11448.1 2312.64 24135.5
77.2817 11439.4 2311.58 24177.4
77.4375 11420.1 2310.57 24207.8
77.4872 11397.5 2308.99 24231.9
77.585 11378.4 2305.9 24252.8
77.6884 11127.3 2262.01 24163.7
77.8447 11018.9 2165.98 24129.1
77.9883 8895.87 1971.71 21058.7
78.0877 8901.32 1939.13 21010.6
78.1165 8283.4 1763.45 19793.6
78.1878 7619.35 1629.13 18096.8
78.2935 425.311 117.845 1087.93
78.451 372.813 750.656 2851.33
78.4942 9419.38 2093.67 20769
78.7004 9569.28 1984.88 20897.3
78.7337 8771.81 1786.29 19218.8
78.8994 8842.09 1716.15 19226.1
78.9242 8665.59 1673.17 18869.1
79.0519 8550.03 1458.49 18864.8
79.106 8542.06 1454.95 18867.6
79.3608 310.806 648.414 2616.79
79.3847 8722.46 1475.99 19248.9
79.4093 363.565 741.044 3406.25
79.4989 8896.54 1622.62 19325.6
79.6048 3132.08 702.752 3132.08
79.7025 8898.34 1708.28 19415.1
79.9606 481.057 140.461 2039.83
79.9958 534.356 160.578 2323.86
80.0229 1107.61 186.396 5302.62
80.1117 914.918 196.513 4163.02
80.2108 12652.4 2504.4 25120.9
80.3143 12622.6 2502.83 25140.9
80.4668 12590.1 2500.46 25156.4
80.5249 12557.8 2497.63 25170.1
80.708 12526.9 2494.46 25183.4
80.8614 12502.1 2491.38 25201.2
80.9123 12476.8 2488.53 25217.9
81.0691 12451.6 2486.01 25234.4
81.1166 12426.4 2483.73 25250.5
81.219 12402.1 2481.65 25266.9
81.3174 12379.2 2479.78 25284.3
81.4742 12359.4 2478.23 25304.4
81.5223 12338.8 2476.81 25323.3
81.6201 12320.2 2475.47 25343.6
81.7221 12304.3 2474.28 25365.8
81.8239 12289.2 2472.96 25387.8
81.9743 12275 2471.5 25409.9
82.0258 12259.1 2469.88 25429.2
82.1714 12243.5 2468.44 25448.7
82.2281 12228.7 2467.18 25468.7
82.3283 12215.2 2465.92 25489.6
82.4836 12203.4 2464.67 25511.4
82.5284 12193.2 2463.45 25534.3
82.6284 12183.4 2462.21 25557
82.8821 12175.7 2460.94 25581.2
82.9071 12164.9 2458.96 25601
82.9413 12155.5 2457.22 25622
83.0314 12147 2455.49 25643.6
83.1349 12140.4 2453.46 25665.7
83.2866 12136.3 2451.32 25689.8
83.3868 12129.7 2448.42 25709.8
83.4399 12126.8 2445.56 25733
83.5386 12123.7 2442.36 25754.7
83.8367 12123.3 2439.17 25778.8
83.8626 12128.7 2436.12 25808.1
83.8917 12134.4 2432.62 25836.7
83.9486 12139.2 2429.2 25864.3
84.0424 12142.9 2425.3 25889.8
84.155 12150.4 2420.97 25918.5
84.297 12162.8 2416.63 25951.2
84.3936 12176.3 2411.92 25983.9
84.4457 12190.4 2406.88 26016.2
84.5486 12205.2 2401.82 26049.5
84.6509 12218.9 2396.22 26080.6
84.7525 12233.3 2390.38 26112.2
84.8499 12248.4 2384.41 26144.7
84.9539 12263.1 2378.26 26176.2
85.0553 12271.6 2371.71 26201.6
85.1646 1502.89 196.425 4936.2
85.5107 949.902 224.547 3020.51
85.5395 12641.1 2494.33 26446.5
85.566 1192.92 230.773 4200.75
85.6187 1215.02 208.779 5081.44
85.6677 699.003 224.715 3267.16
85.8171 11785 2518.35 24965.9
85.866 11817.5 2508.89 25002.2
85.97 11841.8 2498.94 25032.1
86.0654 11727.1 2422.03 25066.7
86.165 844.127 228.725 2708.23
86.5665 8427.44 2320.35 21037.8
86.5933 8337.58 2313.52 20971.8
86.6198 8329.78 2197.93 20994.9
86.6513 965.843 230.17 3352.94
86.6744 7898.58 2095.1 20721.6
86.777 1035.91 234.538 3299.98
86.8747 740.916 246.114 2495.82
86.9719 6917.93 2427.32 19126.7
87.1705 6871.56 2410.36 19052.1
87.1992 6879.74 2403.07 19074.3
87.2782 411.031 116.053 1120.95
87.4286 5646.85 2293.76 17577.6
87.4861 5633.31 2291.13 17590.7
87.7787 209.802 209.802 9730.14
87.8263 5597.8 2284.71 17618.6
87.9259 5593 2283.88 17647.9
88.0274 5595.28 2284.13 17686.7
88.2304 231.845 1900.37 6639.94
88.2622 5580.59 2280.15 17742
88.3833 5544.57 2270.16 17730.1
88.5321 5487.58 2254.06 17688.7
88.5592 5409.05 2231.2 17615.5
88.6325 5291.19 2197.74 17509.2
88.7336 5165.33 2161.75 17379.9
88.8875 5031.4 2121.57 17223.1
88.9355 4846.47 1970.64 16897.2
89.0946 4684.52 1919.15 16671.4
89.1358 4461.87 1882.79 16290.6
89.2378 4281.05 1825.31 16011
89.3406 4090.42 1763.39 15703.4
89.4417 3869.3 1606.24 15319
89.5424 257.731 4408.27 11050.7
89.6376 3423 1350 14335.6
89.7476 1216.89 279.368 2903.98
89.8495 340.598 1174.44 3011.17
89.9461 2897.08 1329.89 13527.3
90.0998 1286.76 233.43 3161.2
90.1532 315.508 1323.26 3103.14
90.2481 946.042 236.071 2675.39
90.3465 301.821 2253.51 4939.04
90.4534 272.792 3811.56 9086.04
90.5561 365.257 899.644 2573.73
90.6594 381.651 820.565 2401.14
90.811 1064.78 199.832 3052.4
90.8583 257.651 3388.67 8467.57
90.9693 279.447 1636.8 6034.48
91.0589 3433.38 1986.18 15142.1
91.1612 232.002 3991.63 10748.8
91.366 994.114 187.614 3403.2
91.4096 377.99 685.411 2013.45
91.4824 245.005 3421.27 9225.33
91.8289 317.909 1087.29 2629.43
91.8706 247.843 3337.64 10083.6
91.9218 237.699 4105.63 11030.9
91.9595 1070.5 507.108 5568.29
92.0346 687.582 188.42 1964.6
92.0922 996.815 223.964 2483.06
92.1937 363.422 816.775 2185.44
92.2826 1542.67 745.531 8792.78
92.3811 1540.98 745.141 8799.92
92.4862 1539.28 744.762 8807.61
92.7362 1537.94 743.956 8816.13
92.9912 1387.11 686.587 7805.73
93.0303 1358.92 642.36 7600.83
93.0665 1342.72 618.721 7345.12
93.1039 830.627 440.671 5039.35
93.1511 713.736 416.298 4250.14
93.3889 707.532 395.659 3983.96
93.4315 379.951 966.421 3535.03
93.4718 626.02 232.28 2544.86
93.5111 4710.19 3462.38 18924.2
93.6014 365.795 936.647 3398.56
93.7456 4676.4 5590.58 21772.5
93.8424 4681.21 5607.11 21839.4
93.8989 443.426 268.939 1630.55
94.0462 4683.41 5623.81 22102.7
94.1007 4684.78 5624.07 22168.6
94.1939 4686.98 5621.28 22091.3
94.3036 4690.11 5619.21 22159.3
94.4029 388.921 82.3372 1127.75
94.4996 4696.77 5618.23 22448
94.5986 4697.9 5616 22516
94.6987 4698.13 5613.04 22582.3
94.8023 4697.12 5608.91 22646
94.9057 778.639 137.254 2692.07
95.0006 4734.9 5609.49 22991.2
95.1077 4733.13 5604.69 23057.2
95.2032 4730.62 5599.08 23121.9
95.3044 4726.46 5591.88 23183.8
95.4021 4722.21 5584.25 23243.9
95.5041 4717.56 5576.65 23305.5
95.6039 4712.33 5568.18 23363.9
95.7053 4707.3 5560.26 23425.1
95.8064 4701.21 5551.33 23484.6
95.9116 4695.38 5542.25 23542.3
96.0121 4689.53 5533.56 23602
96.4105 4683.62 5525.42 23665.2
96.4449 4678.09 5517.08 23725.5
96.4852 4671.9 5508.21 23784.9
96.5161 4664.72 5498.36 23841.7
96.5539 4656.83 5487.83 23896.4
96.7194 4648.59 5476.95 23950
96.7554 4639.44 5465.3 24001.8
96.8212 4629.74 5452.77 24049.7
96.9223 4619.52 5439.94 24097
97.021 4608.87 5426.66 24142.5
97.2753 4597.23 5412.43 24184.6
97.312 4585.57 5398.19 24225.9
97.4491 4572.66 5382.36 24262
97.4912 4558.52 5365.23 24294.4
97.5503 4542.74 5346.64 24322.8
97.6432 4525.5 5326.4 24345.2
97.7436 4506.4 5304.11 24360.2
97.8457 4486.89 5281.66 24374
97.9962 4466.52 5258.3 24384.8
98.045 4443.99 5233.65 24230.2
98.1977 4422.35 5209.07 24233.4
98.247 4400.22 5183.33 24230.2
98.345 4340.77 5148.16 23956.1
98.4444 4314.56 5122.61 23741.4
98.5518 4286.78 5091.33 23716.9
98.6499 4257.91 5059.18 23689.6
98.7522 4226.93 5024.62 23653.6
98.905 4195.29 4989.43 23614.6
98.9503 4163.27 4954.02 23573.7
99.05 4130.75 4917.97 23529
99.1492 4097.79 4881.32 23480.9
99.253 4051.26 4759.42 23379
99.6099 4015.08 4719.26 23316.8
99.6405 3976.83 4675.99 23241
99.6693 3930.27 4582.74 22647.8
99.8083 3888.65 4538.05 22563.8
99.8596 3845.62 4491.47 22471.6
99.8943 3801.42 4443.74 22375
99.9596 3755.92 4394.9 22274.1
100.111 3709.73 4344.72 22166.6
100.22 1757.29 225.272 4779.6
100.267 3625.04 4286.38 22445.9
100.363 3578.48 4234.58 22330.8
100.465 3531.15 4181.9 22210.7
100.567 3482.83 4127.99 22084.2
100.667 3433.3 4072.72 21951.5
100.777 1131 183.112 3133.46
100.87 3343.29 4034.52 21946.7
100.971 3065.24 3468.93 20451.3
101.07 3015.63 3425.44 19877.7
101.17 2895.95 3276.36 19542.1
101.277 2850.23 3227.36 19403.5
101.378 2790.66 3140.32 18775.8
101.478 2743.17 3090.28 18632.6
101.575 2694.89 3039.31 18484.6
101.68 234.668 234.668 4382.47
101.778 2609.11 2966.16 18644.6
101.877 2473.38 2910.13 18116.3
102.031 2425.7 2856.14 17950.3
102.079 2358.37 2712.19 17260.8
102.179 2312.05 2660.31 17095.4
102.328 2267.27 2610.21 16934.5
102.43 2150.2 2556.01 16551
102.486 2094.21 2453.21 16319.2
102.582 263.756 1117.95 3159.76
102.686 379.625 677.355 2065.38
102.79 1240.57 242.307 3448.5
102.895 384.582 810.447 2316.62
103.046 1126.03 240.358 3230.08
103.095 686.286 237.896 2293.18
103.201 245.133 1636.9 4109.39
103.295 2118.08 3056.48 18290
103.407 613.847 237.734 2112.29
103.5 1847.73 2676.76 16925.4
103.6 875.02 190.922 2425.91
103.833 608.663 234.563 2191.52
104.039 2411.79 2837.7 18430.1
104.077 2391.66 2813.47 18359.5
104.145 383.644 1135.99 2962.85
104.243 2811.28 3306.83 19465.6
104.343 384.499 1174.3 2947.28
104.442 2827.44 3376.06 19589.5
104.597 2841.29 3390.52 19651
104.698 2858.49 3408.89 19724.1
104.749 927.548 237.214 2992.46
104.948 1799.26 215.795 5220.8
104.985 2934.49 3428.17 20309.2
105.053 2948.06 3443.42 20369.9
105.149 2958.43 3455.13 20418.9
105.253 2966.27 3464.17 20459.1
105.352 2971.35 3470.4 20489.9
105.45 2974.73 3474.78 20514.5
105.608 2976.41 3477.18 20532.7
105.658 2976.78 3478.02 20545.9
105.911 2975.96 3477.87 20555.3
105.942 2973.64 3476.4 20559.4
106.009 2970.63 3474.44 20561.1
106.058 2966.6 3471.64 20559.1
106.161 2938.82 3461.02 20298.7
106.314 2933.31 3456.89 20290.7
106.361 2927.5 3452.32 20281.4
106.46 2921.24 3447.86 20271.2
106.563 2914.84 3443.12 20259.8
106.664 2908.25 3438.31 20247.7
106.821 2901.94 3434.66 20237.7
106.869 2895.6 3431.76 20228.7
106.966 2889.19 3429.17 20219.7
107.125 2883.16 3427.35 20212.4
107.169 2875.98 3423.96 20025
107.27 2870.69 3423.26 20020.3
107.372 2840.37 3353.76 19831.8
107.467 2835.96 3354.81 19830
107.629 2645.57 3132.18 18895.2
107.675 2642.07 3133.32 18894.7
107.775 2626.6 3095.29 18524.3
107.875 2621.72 3099.1 18525
107.978 2616.17 3103.26 18524.8
108.072 2610.49 3108.17 18525.4
108.174 2604.5 3113.42 18525.6
108.279 3055.71 2575.29 18466
108.375 3061.58 2569.35 18466.9
108.477 3067.08 2563.75 18467.5
108.583 3072.32 2558.5 18468.2
108.68 384.031 806.815 3004.55
108.781 3085.04 2547.13 18471.7
108.885 242.528 2417.88 6323.46
108.983 3130.89 2497.89 18455.7
109.081 3141.29 2490.8 18460.5
109.191 383.994 990.453 3664.02
109.339 3167.02 2477.54 18666.6
109.387 3177.46 2470.2 18670.3
109.54 3188.86 2462.04 18673.8
109.647 1960.12 3179.23 17569.2
109.702 443.885 163.703 1465.01
109.8 384.601 1091.5 3990.64
110.148 3396.4 2089.14 19332.1
110.182 222.447 2389.41 5908.3
110.209 3480.68 2110.86 19625.4
110.251 3418.3 2044.36 19010.1
110.301 3436.96 2035.95 19019.3
110.397 3456.2 2027.6 19029.2
110.505 381.442 687.716 2738.65
110.602 4016.39 2559.22 20597.8
110.706 987.953 237.434 2875.02
110.862 3951.47 2502.85 20071.4
110.915 3876.6 2436.02 19489.2
111.348 2328.7 3699.49 18515.4
111.386 2330.03 3702.93 18525.6
111.429 389.412 56.4642 907.594
111.562 484.789 180.072 1492.59
111.614 4166.64 2500.83 20700
111.76 244.942 2545.52 6997.36
111.802 4325.18 2605.74 21288.7
111.914 4293.45 2585.91 21215.7
111.964 4244.11 2557.33 21102
112.12 4178.54 2520.49 20949.4
112.219 4095.51 2475.26 20755
112.27 4000.14 2423.71 20529.1
112.364 3840.87 2309.66 19625.6
112.458 3623.63 2173.08 19018.9
112.559 3413.77 2050.69 18131
112.666 1901.77 3208.05 16947.9
112.757 2600.88 1415.4 14785.4
112.913 1361.92 2509.79 14145
113.011 2379.84 1297.72 13804.6
113.061 2201.47 1230.75 13440.6
113.158 1135.94 1970.19 12427.3
113.26 1100.2 1894.62 12179.4
113.36 1737.31 1021.38 11395.6
113.46 1593.2 926.838 10481
113.663 1493.93 887.267 10177.3
113.691 1336.28 863.179 9378.29
113.764 1293.23 841.494 9219.25
113.921 1254.9 822.358 9076.59
114.067 1221.79 805.832 8951.73
114.095 1193.45 791.596 8844.07
114.175 468.135 169.813 1073.61
114.277 356.916 1055.53 2458.1
114.369 1247.45 832.676 9322.16
114.481 373.191 958.953 2261.85
114.572 1117.71 1638.43 10935.3
114.673 1066.34 1492.07 10214.7
114.772 1059.89 1480.04 10176.6
114.873 1054.85 1470.77 10147.2
115.034 299.691 1176.81 3272.14
115.179 1079.1 1552.51 10693.5
115.204 1077.43 1550.52 10685
115.287 1076.45 1549.39 10680.9
115.382 1075.98 1549.2 10680.5
115.48 1075.87 1549.51 10682.6
115.583 1075.97 1550.14 10686.1
115.838 1076.21 1550.88 10690.5
115.862 1076.38 1551.87 10694.9
115.939 1077.66 1557.51 10709.4
115.992 1080.41 1564.78 10731
116.093 1084.85 1572.06 10757.6
116.193 1035.2 1393.96 9883.87
116.392 1042.12 1402.09 9919.95
116.422 1017.49 1249.43 9242.86
116.494 1015.25 1255.3 9096.84
116.595 992.433 1242.65 8726.25
116.701 356.851 589.122 1856.96
116.798 1010.74 1262.34 8819.27
116.894 1016.2 1276.5 8858.97
117.047 927.322 1179.62 8093.62
117.149 928.37 1190.85 8113.47
117.207 380.158 31.4076 598.15
117.301 975.707 1220.51 8279.58
117.4 926.162 1202.41 8126.01
117.506 892.459 1195.58 7881.98
117.605 891.395 1192.15 7872.34
117.867 381.329 33.7479 683.08
117.895 937.252 1201.55 8001.78
118.003 888.937 1179.14 7841.58
118.023 872.526 1127.11 7733.64
118.159 871.568 1124.65 7726.15
118.351 870.561 1122.55 7719.12
118.374 383.088 296.845 1764.63
118.409 822.848 240.117 2598.9
118.508 1050.8 2023.66 9891.98
118.667 1049.41 2022.48 9886.17
118.81 1047.74 2022.06 9880.69
118.827 1045.86 2022.79 9876.02
118.914 1043.73 2025.04 9872.19
119.012 1041.35 2028.64 9869.4
119.116 1038.98 2032.38 9867.11
119.218 1036.64 2035.78 9864.77
119.314 1034.32 2038.81 9862.16
119.519 1032.12 2041.63 9859.7
119.538 1030.15 2044.63 9858.15
119.668 1028.31 2047.16 9856.21
119.72 1026.48 2048.88 9853.14
119.823 1024.71 2050 9849.46
119.984 1023.03 2050.54 9845.13
120.024 1021.41 2050.26 9840.08
120.129 1019.76 2049.13 9833.63
120.28 1018.12 2047.24 9826.04
120.327 1016.33 2044.37 9816.46
120.481 1014.46 2040.71 9805.74
120.532 1012.55 2036.29 9793.86
120.631 1010.66 2031.61 9781.63
120.73 1008.69 2026.3 9768.42
120.884 1006.73 2020.56 9754.57
120.943 1004.59 2014.01 9738.93
121.089 1002.33 2006.98 9722.15
121.14 999.888 1999.34 9703.84
121.238 997.286 1991.3 9684.45
121.338 994.526 1982.79 9663.9
121.436 991.561 1973.51 9641.42
121.542 988.306 1963.6 9617.44
121.643 984.853 1953.19 9592.03
121.743 981.215 1942.29 9565.14
121.896 977.493 1931.22 9537.89
122.005 973.528 1919.38 9508.25
122.147 969.281 1907.11 9477.22
122.18 964.766 1894.15 9444.3
122.302 959.933 1880.35 9408.87
122.346 954.779 1865.77 9371.3
122.493 949.478 1850.99 9332.93
122.545 944.076 1836.08 9293.97
122.703 897.77 1801.59 9109.08
122.755 892.528 1786.96 9070.17
122.955 887.25 1772.2 9030.33
122.983 881.641 1756.54 8987.64
123.063 875.657 1740.02 8942.34
123.157 853.609 1666.33 8800.14
123.252 847.404 1649.21 8751.64
123.608 841.053 1631.73 8701.86
123.635 834.516 1613.72 8650.34
123.663 827.932 1595.74 8598.75
123.718 821.367 1577.62 8546.13
123.761 1335.24 630.357 7440.58
124.012 1310.93 603.119 7252.59
124.039 653.536 541.839 5582.87
124.075 649.837 535.793 5552.42
124.161 646.014 529.705 5520.9
124.26 591.75 364.314 4400.62
124.361 588.372 360.122 4375.58
124.518 585.013 355.907 4350.86
124.563 581.71 351.768 4326.2
124.818 578.489 347.73 4301.89
124.846 575.283 343.692 4277.66
124.875 572.195 339.676 4255.37
125.024 568.894 335.541 4228.62
125.125 565.509 331.156 4202.19
125.176 559.781 325.898 3954.14
125.276 556.424 321.774 3927.57
125.523 550.225 318.557 3696.44
125.569 548.178 316.035 3682.11
125.667 546.725 314.203 3674.4
125.769 502.322 309.384 3231.69
125.92 501.814 308.765 3229.88
125.976 501.611 308.648 3231.04
126.081 501.665 308.956 3234.42
126.18 501.954 309.684 3239.52
126.276 502.454 310.783 3246.22
126.575 503.13 312.189 3254.22
126.594 503.943 313.773 3263.5
126.614 504.768 315.371 3272.08
126.73 505.56 316.894 3279.97
126.839 506.312 318.34 3287.29
126.888 507 319.667 3293.94
127.034 507.619 320.86 3299.99
127.086 508.187 321.953 3305.48
127.183 508.682 322.89 3310.32
127.288 509.1 323.685 3314.32
127.535 509.452 324.354 3317.68
127.552 509.734 324.9 3320.31
127.592 509.94 325.317 3322.1
127.738 510.096 325.631 3323.53
127.794 510.215 325.867 3324.67
127.995 510.293 326.04 3325.37
128.02 510.328 326.137 3325.7
128.101 496.824 325.691 3116.79
128.199 496.809 325.677 3116.88
128.35 496.769 325.63 3116.76
128.406 496.702 325.552 3116.3
128.548 496.604 325.406 3115.61
128.659 496.475 325.198 3114.61
128.701 496.304 324.929 3112.95
128.849 496.116 324.608 3111.16
128.901 495.925 324.274 3109.43
129.007 495.734 323.931 3107.74
129.157 495.556 323.604 3106.18
129.253 495.386 323.299 3104.64
129.31 495.207 322.985 3103.13
129.415 495.035 322.696 3101.69
129.613 494.865 322.422 3100.15
129.639 494.696 322.142 3098.64
129.72 494.531 321.864 3097.17
129.866 494.382 321.607 3095.76
129.916 494.271 321.39 3094.74
130.015 494.143 321.11 3093.28
130.111 492.751 315.243 2921.09
130.217 492.682 315.038 2920.41
130.317 492.632 314.881 2919.73
130.514 466.476 311.433 2577.36
130.532 466.47 311.25 2576.59
130.626 466.487 311.05 2576
130.723 466.532 310.865 2575.53
130.931 442.498 310.33 2305.38
130.957 442.582 310.105 2304.9
131.026 442.692 309.877 2304.48
131.129 442.833 309.606 2304.13
131.233 532.532 222.553 1456.23
131.329 467.213 309.359 2572.88
131.431 467.41 309.027 2572.35
131.589 301.462 769.445 2180.56
131.637 408.084 168.816 1084.45
131.8 630.422 230.357 1839.12
131.839 531.055 313.093 3237.71
132.066 530.927 312.57 3234.6
132.229 530.787 312 3231.15
132.281 530.588 311.457 3227.7
132.375 530.367 310.843 3227.19
132.791 529.816 310.24 3223.78
132.82 529.126 309.492 3219.07
132.845 528.335 308.394 3214.66
132.871 527.33 306.966 3208.07
132.895 526.031 305.181 3198.11
132.986 524.402 302.844 3185.36
133.085 484.822 300.214 2910.08
133.187 483.123 297.203 2894.57
133.488 481.133 293.654 2876.22
133.515 478.909 288.977 2858.99
133.54 476.343 284.263 2834.8
133.63 473.632 279.119 2809.1
133.741 470.74 273.649 2780.46
133.795 467.743 267.874 2750.64
133.892 783.922 229.022 1871.1
133.991 452.105 252.371 2507.1
134.088 449.245 246.458 2475.9
134.192 446.46 240.703 2445.39
134.299 435.008 232.785 2224.78
134.396 432.68 227.615 2198.26
134.594 415.048 225.141 1939.76
134.613 374.341 1416.3 3169.59
134.7 426.45 213.774 2127.26
134.798 410.413 211.67 1879.4
134.895 365.727 1332.35 2870.92
135.199 382.521 198.105 1565.36
135.214 358.627 1437.05 2960.39
135.301 400.9 191.675 1762.65
135.316 400.039 189.577 1753.03
135.452 399.259 187.782 1744.95
135.56 398.559 186.294 1738.24
135.604 379.175 185.025 1516.09
135.704 375.823 176.15 1364.95
135.86 361.005 1241.03 2397.15
135.908 396.325 182.516 1721.11
136.01 355.702 1332.93 2487.24
136.106 482.064 767.382 3318.63
136.266 481.695 769.091 3315.21
136.317 402.312 181.418 1892.45
136.471 370.317 1643.1 2725.39
136.517 402.11 181.233 1892.27
136.614 394.905 181.193 1716.18
136.72 394.879 181.201 1716.35
136.811 394.898 181.289 1716.77
136.911 394.966 181.457 1717.47
137.016 376.79 180.603 1502.74
137.115 376.92 180.922 1504.26
137.271 377.088 181.318 1506.14
137.381 377.309 181.87 1508.67
137.474 377.587 182.594 1511.82
137.577 375.112 192.052 1369.27
137.624 375.444 193.045 1371.74
137.728 375.82 193.615 1374.48
137.828 376.231 193.847 1377.54
137.929 2124.38 214.089 3945.09
138.038 373.8 60.7112 784.434
138.13 380.077 186.492 1531.55
138.23 380.353 186.758 1532.77
138.387 385.943 80.391 765.494
138.438 373.523 40.8898 942.552
138.582 373.658 40.8884 942.627
138.629 373.781 40.8909 942.786
138.734 373.896 40.8906 942.96
138.891 374.006 40.8894 943.169
138.992 374.112 40.8852 943.344
139.049 374.215 40.8785 943.523
139.14 374.315 40.8693 943.633
139.24 374.413 40.8572 943.706
139.342 374.509 40.8432 943.753
139.45 374.603 40.8271 943.8
139.591 374.695 40.8083 943.782
139.652 374.785 40.7854 943.714
139.745 374.872 40.7607 943.629
139.849 374.956 40.7355 943.53
139.947 375.037 40.7078 943.407
140.052 375.115 40.6777 943.256
140.153 375.19 40.6471 943.083
140.255 375.261 40.6145 942.887
140.361 375.329 40.5827 942.667
140.458 375.394 40.5563 942.459
140.755 375.456 40.5317 942.305
140.905 375.516 40.5089 942.178
140.926 375.573 40.4879 942.069
141.055 375.628 40.4699 942.002
141.112 375.682 40.4547 941.98
141.259 375.734 40.4419 941.959
141.363 375.784 40.431 941.973
141.414 375.833 40.4219 942.021
141.666 375.88 40.4115 942.073
141.688 375.926 40.401 942.121
141.768 375.97 40.3904 942.175
141.821 376.012 40.3799 942.226
141.976 376.052 40.3696 942.283
142.069 376.091 40.359 942.323
142.12 376.129 40.3478 942.362
142.22 376.165 40.3372 942.421
142.319 376.199 40.3253 942.455
142.423 376.233 40.3144 942.502
142.522 376.264 40.3029 942.532
142.62 376.295 40.2908 942.547
142.725 376.323 40.2744 942.532
142.827 376.351 40.2566 942.499
142.927 376.377 40.2384 942.486
143.034 376.401 40.2221 942.476
143.133 376.425 40.2059 942.451
143.228 376.447 40.1896 942.435
143.329 376.468 40.1739 942.435
143.425 376.488 40.1578 942.411
143.525 376.507 40.1425 942.41
143.691 376.524 40.1263 942.382
143.736 376.541 40.1107 942.372
143.836 376.557 40.0957 942.39
144.091 376.573 40.081 942.419
144.118 376.588 40.0661 942.435
144.138 376.603 40.0513 942.459
144.233 376.617 40.0372 942.497
144.339 376.631 40.0234 942.548
144.444 376.644 40.009 942.581
144.541 376.656 39.9946 942.586
144.643 376.667 39.9784 942.547
144.745 376.678 39.9625 942.556
144.843 376.691 39.948 942.617
144.945 376.703 39.9325 942.663
145.048 375.686 39.2756 791.368
145.146 373.408 32.6363 595.885
145.304 373.408 32.6318 595.915
145.401 3013.38 6541.26 25418.6
145.502 2960.2 6520.56 25240.5
145.559 2960.8 6508.5 25251.1
145.65 2962.03 6499.65 25266.1
145.752 2962.73 6489.08 25278.3
145.91 2934.76 6476.95 24977.5
146.002 2931.88 6458.54 24973.4
146.1 247.615 1566.99 3567.84
146.157 244.039 1599.29 3588.89
146.265 458.313 168.058 1147.31
146.459 319.168 1142 2923.19
146.487 385.984 45.3386 1179.1
146.565 385.997 45.3076 1179.28
146.663 376.766 39.5951 943.387
146.867 224.161 2797.68 5416.94
146.896 456.91 684.535 2662.85
146.968 455.263 686.443 2663.43
147.069 386.085 45.113 1179.91
147.171 376.82 39.4822 944.01
147.472 375.802 38.796 792.333
147.499 375.818 38.7662 792.451
147.527 379.265 66.8502 792.662
147.572 375.856 38.7006 792.581
147.675 507.525 282.172 1543.48
147.778 378.267 63.0362 735.689
147.979 376.787 41.0235 716.987
148.005 228.106 1654.11 3613.41
148.242 385.938 44.9459 1176.72
148.341 380.629 61.916 837.322
148.435 376.619 39.3972 944.778
148.538 375.581 38.9318 793.474
148.688 377.051 674.289 2463.09
148.74 376.715 39.434 946.52
148.841 230.62 4347.54 9718.46
148.939 386.193 44.5753 1183.2
149.041 386.143 44.2515 1181.32
149.153 233.34 4922.22 12748.5
149.253 430.729 657.83 2612.29
149.352 427.035 641.284 2588.2
149.455 422.646 623.634 2560.13
149.554 385.577 41.9824 1162.15
149.703 376.628 37.5749 927.556
149.755 373.112 28.0771 588.009
149.858 3898.02 17827.4 43741.4
149.961 3660.94 16636.3 41714.2
150.055 3177.34 13789.4 39497.5
150.155 3004.79 12881.1 37919
150.259 2841.44 12077.7 36438.7
150.409 2475.14 10632.2 32082
150.461 2340.95 9981.14 30749.2
150.558 2226.74 9412.2 29657.8
150.663 2121.34 8910.26 28647.7
150.813 264.511 7700.52 13759.6
150.862 292.934 1377.6 3171.17
150.962 1879.64 9434.75 29116
151.062 1823.13 9097.46 28455.6
151.158 1775.67 8817.18 27899.7
151.261 1589.27 8451.76 26560
151.414 1547.4 8245.5 25780
151.466 1524.37 8097.54 25479
151.562 1505.87 7983.28 25242.6
151.662 1491.52 7896.56 25060.3
151.861 1480.64 7833.34 24926.9
151.877 1472.62 7787.52 24828.9
151.97 1461.63 7739.12 24606.6
152.075 1457.91 7722.8 24570
152.166 1455.74 7715 24551
152.273 363.541 1824.07 3075.14
152.373 2339.94 8495.56 26464.6
152.527 370.659 2408.3 3765.54
152.621 357.921 2257.95 3678.33
152.676 4332.44 10943.5 32932.4
152.773 4335.83 10951.2 32962.4
152.932 4341.5 10936.2 32964.3
153.031 4347.84 10916.8 32959.8
153.176 4349.69 10907.2 32961.8
153.193 4347.22 10904.3 32967.1
153.278 4336.83 10900.6 32959.3
153.38 4315.61 10899.9 32944
153.485 4232.16 10787.2 32812.7
153.588 4180.43 10821.2 32800
153.693 4079.87 10803.3 32578.2
153.785 349.015 1266.48 2943.12
153.938 5549.12 12487.6 39039.7
153.993 5039.42 12193.1 36615.7
154.097 313.48 1567.49 3395.61
154.192 5462.3 13535.6 40669.8
154.394 5396.01 13504.9 40445.7
154.595 5346.16 13435.9 40244.3
154.608 5313.25 13363 40092.8
154.627 376.337 40.1601 618.25
154.695 5292.86 13334.2 40072.3
154.792 5291.81 13281.2 40033
154.894 5290.6 13212.3 39976.3
154.998 5291.17 13157.1 39935.8
155.098 373.593 30.8586 662.758
155.193 5338.74 13273.5 40000.6
155.295 5337.54 13252.7 39986.9
155.45 5333.38 13232.8 39966.8
155.501 232.61 2103.57 4174.82
155.655 5315.59 13157.7 39794
155.848 5305.43 13133.8 39757.9
155.862 5293.78 13111.5 39721.2
155.912 5280.52 13088.2 39677.5
156.01 4796.66 11672.3 36555.9
156.107 4781.76 11652.7 36505.4
156.257 4766.15 11632.2 36451.7
156.42 4749.87 11610.6 36395.6
156.443 4733.63 11589.4 36339.5
156.566 4716.17 11566.2 36278.6
156.624 4698.71 11542.6 36217.1
156.714 4681.21 11519 36156.5
156.816 4663.27 11494 36092.3
156.922 4643.74 11465.7 36017.2
157.023 4621.88 11432.5 35936.5
157.118 4598.65 11396.3 35847.3
157.219 4574 11357.1 35753.1
157.326 4547.71 11314 35647
157.42 4519.98 11267.8 35536.5
157.526 4490.92 11217.9 35417.1
157.625 4461.59 11166.7 35299.6
157.828 4431.32 11113.8 35171.7
157.849 4402.1 11061.9 35051
157.979 4371.38 11006.6 34917.9
158.028 4339 10947.7 34780.1
158.127 4304.26 10883.8 34631.2
158.28 4267.78 10816.4 34474.8
158.381 4229.67 10745.6 34310.3
158.426 4188.79 10668.9 34134.5
158.525 4146.07 10588.2 33945.8
158.629 4101.62 10503.9 33749.4
158.728 4055.41 10415.8 33543
158.885 4007.64 10324.4 33333.6
158.935 3957.5 10227.9 33106.2
159.035 3903.8 10123.9 32863.3
159.132 3847.98 10015.3 32608.6
159.232 3790.33 9902.81 32344.7
159.383 3730.57 9785.33 32073
159.435 3670.55 9667.11 31791.1
159.588 3610.27 9547.61 31510.4
159.691 3550.65 9428.71 31229
159.741 303.986 1483.08 2887.75
159.84 3933.49 9053.27 30973.4
159.943 233.315 1983.97 3749.5
160.041 4246.33 9635.38 32810.4
160.147 4159.76 9484.1 32444.9
160.299 4070.78 9326.72 32066.6
160.345 3980.21 9167.65 31680.5
160.453 376.377 1147.33 2463.55
160.552 371.479 1143.39 2419.61
160.658 232.57 1193.77 2593.87
160.8 411.486 846.447 2454.85
160.906 410.453 831.959 2424.23
160.953 409.408 817.417 2393.31
161.052 408.322 802.269 2360.98
161.152 407.199 786.663 2327.26
161.253 406.057 771.063 2294.62
161.354 404.902 755.469 2262.18
161.461 387.892 670.378 2092.27
161.656 368.895 21.1762 537.596
161.719 368.691 21.0045 536.69
161.761 368.477 20.8712 535.792
161.863 305.61 1428.24 2636.69
161.967 368.016 20.5451 534.038
162.122 4402.12 7995.57 33416.4
162.34 4260.25 7848.16 32886.6
162.376 4150.42 7732.8 32467.8
162.467 4067.6 7645.64 32135.1
162.613 4009.06 7585.24 31898.4
162.717 3971.47 7548.79 31733.3
162.766 3841.04 7062.64 29453.5
162.918 3835.76 7062.55 29425.1
163.119 3841.2 7074.35 29431.1
163.134 3855.52 7096.23 29482.2
163.172 3868.67 7048.54 29481.9
163.273 374.587 1293.53 2174.55
163.376 370.733 1294.86 2042.54
163.526 365.325 21.6576 531.477
163.576 365.351 21.6699 531.614
163.675 365.411 21.68 531.746
163.779 365.499 21.6876 531.866
163.877 365.612 21.6929 531.97
163.983 365.742 21.6952 532.058
164.081 365.884 21.6936 532.13
164.179 366.033 21.6948 532.184
164.285 366.186 21.6978 532.24
164.486 366.341 21.6988 532.285
164.502 366.494 21.6987 532.329
164.688 366.644 21.6966 532.361
164.705 366.789 21.6923 532.382
164.938 366.929 21.6881 532.4
165.093 367.064 21.6824 532.415
165.111 367.192 21.6757 532.419
165.135 367.314 21.6678 532.416
165.205 5877.07 10146.5 39531.2
165.302 5864.88 10131.6 39498.8
165.462 5854.31 10117.6 39468.4
165.551 5843.17 10102.3 39436.2
165.599 5832.45 10086.5 39404.9
165.749 5822.67 10071.7 39376.1
165.848 5813.25 10056.8 39346.8
165.899 5804.54 10042.1 39319.7
166.053 5796.4 10028.1 39296.6
166.205 5787.93 10014.9 39271.5
166.221 5779.9 10007.5 39253
166.359 5771.51 9996.63 39231.1
166.403 5764.79 9986.27 39213.5
166.504 5758.82 9975.74 39200.9
166.604 5753 9964.73 39184.5
166.703 5747.7 9953.87 39173.4
166.809 5743.67 9945.15 39167.1
166.912 5740.76 9940.83 39166.3
167.011 5737.77 9936.4 39169.4
167.213 5736.11 9932.76 39175.2
167.229 5736.98 9939.02 39192.8
167.314 5739.81 9942.47 39218.9
167.411 5741.88 9945.21 39245.2
167.513 253.189 2297.27 4227.76
167.613 6156.46 11210.7 41547.6
167.714 6163.27 11200.3 41578.2
167.822 235.091 4333.08 7277.43
167.916 395.61 630.588 1972.15
168.174 395.383 631.603 1973.27
168.193 384.719 624.956 1871.35
168.275 368.972 21.6777 532.437
168.324 368.979 21.6144 532.461
168.44 409.118 202.799 1070.15
168.538 384.217 626.406 1871.73
168.783 384.347 626.213 1876.07
168.938 384.446 625.182 1875.44
168.991 384.458 624.812 1873.02
169.085 384.426 624.559 1871.92
169.187 291.913 2700.33 6034.69
169.294 394.77 633.774 1973.59
169.39 394.592 632.468 1970.16
169.49 394.361 629.358 1963.25
169.693 383.772 593.893 1850.37
169.708 383.589 586.272 1836.33
169.791 383.567 572.63 1822.32
169.894 383.416 558.968 1806.31
170.313 369.231 20.1351 529.573
170.329 369.206 19.8694 528.825
170.415 5333.02 15474.4 47185.7
170.434 263.955 7105.2 10220.7
170.47 4938.81 13828.4 44352.1
170.56 4712.62 12996.8 42298.4
170.769 4491.82 12198.6 40764.8
170.787 4224.42 11320.5 39209.3
170.828 545.402 193.95 1089.96
171.022 3799.51 10194.4 35628.3
171.046 3416.9 7607.81 29989.8
171.124 316.141 1681.02 3095.09
171.273 2922.42 7236.87 28169.4
171.37 360.755 1339.04 2649.87
171.419 2848.29 6891.73 27225.9
171.521 371.626 586.512 1395.22
171.68 2664.57 6446.09 26219.4
171.729 360.706 1378.48 2636.35
171.882 2700.34 6333.34 26256.3
171.924 2620.2 6179.05 25791.8
172.025 329.987 786.051 1511.88
172.231 2488.82 5964.04 25004.1
172.246 2440.54 5868.49 24711.5
172.335 372.203 930.255 1772.37
172.428 2591.91 6152.86 26158.9
172.531 2560.81 6096.63 25973.2
172.932 2519.65 6005.32 25290.2
173.09 2499.95 5970.8 25172.9
173.114 2485.48 5946.08 25085.5
173.141 1259.52 211.814 2815.08
173.166 4039.7 6449.93 29603.5
173.197 4034.46 6447.93 29585.6
173.243 4036.84 6453.2 29595.7
173.348 3950.67 6403.73 28973.6
173.447 3963.35 6419.21 29018
173.549 3985.66 6445.93 29096.3
173.642 3917.01 6439.19 28474.5
173.741 3956.18 6485.04 28609.7
173.843 4007.99 6543.81 28788.1
173.942 4073.95 6616.52 29013.8
174.044 4153.95 6701.2 29284.3
174.148 4252.44 6801.39 29613.5
174.248 4364.76 6910.9 29984.9
174.349 306.767 1759.46 3395.59
174.449 313.491 584.875 1495.82
174.556 4232.18 7132.69 30387.1
174.648 4259.18 7163.57 29979.4
174.804 382.414 195.301 948.669
174.855 4275.87 6949.94 29667.7
175.013 361.588 1408.78 1834.8
175.057 5543.51 15168.3 32732.6
175.158 337.257 455.151 620.524
175.314 363.298 18.2791 510.885
175.359 343.446 658.45 1761.84
175.465 384.662 352.373 1336.35
175.562 384.731 353.1 1337.55
175.668 214.148 1789.24 3266.36
175.766 387.133 358.361 1431.07
176.015 387.42 358.655 1431.9
176.119 270.663 1046.18 3125.98
176.223 408.103 1005.14 1637.8
176.321 408.273 1005.31 1638.15
176.421 408.433 1005.41 1638.51
176.673 408.581 1005.47 1638.71
176.691 408.725 1005.56 1638.98
176.827 408.856 1005.65 1639.19
176.844 408.975 1005.85 1639.37
176.933 409.088 1005.96 1639.55
177.032 409.192 1006.09 1639.79
177.131 409.281 1006.26 1640.08
177.231 409.361 1006.44 1640.45
177.33 391.403 358.722 1437.04
177.432 391.501 358.685 1437.03
177.539 391.599 358.639 1437.04
177.942 391.699 358.605 1437.05
177.961 391.803 358.578 1437.12
177.985 391.908 358.542 1437.18
178.003 389.491 355.132 1345.66
178.094 389.57 355.093 1345.71
178.141 367.057 18.4087 511.6
178.245 367.103 18.4061 511.613
178.344 367.148 18.4082 511.617
178.441 367.19 18.4055 511.623
178.541 6414.12 19763.6 35777.2
178.644 6415.19 19766.3 35782.5
178.743 6415.75 19768.5 35787
178.843 6416.49 19770.1 35791.2
178.946 6416.98 19772.3 35795.1
179.1 6415.8 19772.4 35794.5
179.206 6415.24 19774.9 35796.7
179.248 6414.48 19775.8 35798
179.352 6412.86 19775.8 35797.5
179.454 6411.68 19778.6 35799.5
179.551 6410.67 19781.3 35801.2
179.65 6409.22 19784.7 35803
179.752 6408.37 19788.8 35806.9
179.952 6407.94 19791.7 35810.9
179.97 6406.82 19795.4 35813.6
180.054 6405.19 19797.8 35814.7
180.155 6377.8 19754.2 35733.8
180.256 6375.55 19757.2 35733.9
180.463 6372.71 19759 35732
180.478 6370.08 19761 35730.6
180.561 6367.16 19763.3 35729
180.712 6364.01 19766.8 35728
180.767 6360.47 19772.5 35727.2
180.869 6357.25 19776.5 35725.9
181.065 6352.98 19780.3 35721.5
181.214 6349.04 19784.3 35717.4
181.238 6344.91 19786.4 35711.9
181.32 254.703 2971.51 5291.07
181.373 7207.38 22384 42928.2
181.472 7189.6 22387.7 42926
181.579 7042.9 19336.9 41724.3
181.728 6793.81 18026.4 41325.9
181.779 6313.89 13859.4 40022.8
181.883 5723.37 10408.6 38901.2
182.034 246.239 2254.33 4117.46
182.089 248.521 2853.27 4875.57
182.184 6004.76 17101 53788.8
182.284 6015.61 17012 53780.2
182.387 5979.71 15804.6 50633.2
182.479 5950.3 15695.5 50009.4
182.582 5914.85 14683.9 47191.8
182.685 5922.47 14614.5 47214.6
182.788 5869.84 13952.1 44897.8
182.94 5637.51 13856.6 43979.6
183.14 243.007 2635.83 4675.57
183.161 5778.29 15229.8 47878
183.215 5836.44 15147.9 47953.6
183.572 5704.79 13588.5 44154.4
183.593 5685.74 13612 44160
183.887 5642.51 13616.4 44115.3
183.902 5617.58 13668.2 44097.2
183.92 386.695 126.9 859.659
184.188 5641.46 13502.8 44445.1
184.21 5650.36 13461.8 44401.6
184.237 240.581 5034.45 9497.23
184.263 5876 27869.2 69215.6
184.389 233.886 6058.24 12664.7
184.439 5911.99 33033.5 78198
184.598 5832.55 32206.4 77065.4
184.643 5736.37 31248.3 75719.3
184.745 5478.25 30109.5 73325.5
184.894 269.137 8497.68 12797.9
184.997 5220.75 31754.7 78139.2
185.045 4754.48 29627.9 74499.2
185.15 4534.65 26989 68240.2
185.301 4319.69 25057.2 65058.7
185.348 4103.89 23238.4 61934
185.601 3855.07 21438.4 58593.5
185.623 3652.39 19920.6 55751.2
185.7 3447.51 16604.9 48364.2
185.75 3190.43 11031.3 36096
185.853 2904.53 8073.73 29581.8
185.951 2614.19 5841.81 24579.2
186.051 2103.53 3875.17 18702.1
186.156 298.71 2242.85 4220.03
186.302 658.829 233.705 1495
186.359 2077.8 4053.03 19113.9
186.556 2001.1 3959.85 18729.5
186.575 1935.51 3881.7 18394.4
186.657 1879.81 3777.29 18005.2
186.758 1833.16 3721.46 17759.8
186.864 1793.74 3673.95 17549
186.962 1761.43 3635.29 17374.4
187.066 1735.29 3605.18 17233.6
187.212 1713.81 3580.55 17117.1
187.264 1697.12 3562.21 17026
187.368 1684.64 3549.08 16957.4
187.469 999.547 214.96 2264.08
187.571 1958.63 3709.22 18120.2
187.67 1953.73 3705.47 18097.6
187.819 1950.99 3704.12 18085.4
187.869 348.201 1469.03 2365.04
188.025 361.233 1562.4 2440.93
188.071 2825.6 5118.03 20855.3
188.223 2826.88 5118.52 20857.7
188.324 2828.2 5121.02 20862.6
188.421 2828.95 5124.91 20867.8
188.478 2830.05 5130.96 20875.2
188.574 2831.12 5137.15 20882.5
188.68 2832.15 5142.95 20888.5
188.879 2834.16 5146.63 20895.4
188.939 2837.97 5150.23 20905.5
188.98 2841.74 5146.56 20911.3
189.077 2845.73 5129.89 20909.5
189.175 2820.56 5093.25 20464.5
189.282 2826.22 5081.01 20481.8
189.382 2621.37 4840.07 19194.6
189.488 342.407 763.821 914.326
189.586 2519.54 6352.63 18521.7
189.733 2063.45 5476.59 16580.2
189.785 359.659 12.0159 474.247
189.934 419.399 188.985 974.091
190.032 2114.46 5649.68 17243.7
190.086 2110.65 5639.53 17221.7
190.185 2108 5632.9 17207.1
190.337 2105.87 5629.66 17198.3
190.388 2103.83 5627.98 17191.7
190.543 359.374 18.5801 507.488
190.592 338.387 408.316 688.844
190.795 284.233 1157.02 2979.38
190.904 274.937 1015.98 2853.86
190.92 351.901 735.001 2881.23
191.197 267.107 609.448 2104.35
191.245 213.387 1985.08 5118.22
191.442 7044.64 19397.6 37266.3
191.456 7034.57 19394.1 37254.7
191.543 7021.59 19390.5 37239.5
191.694 7010.61 19387.8 37228.2
191.747 7002.25 19386.7 37223
191.846 6997.32 19386.9 37221.1
191.948 6992.91 19386.6 37221.3
192.047 6988.98 19385.7 37220.8
192.152 6982.96 19383.1 37215
192.25 6977.06 19381.2 37209.1
192.354 6969.67 19378.6 37200.3
192.452 6962.78 19377 37192.8
192.611 6954.29 19374.7 37184.2
192.658 6946.28 19373 37175.6
192.755 6939.64 19371.4 37169.3
192.859 6933.43 19369.9 37162.9
193.008 6927.88 19368.7 37157.6
193.06 6923 19368.2 37153.6
193.159 6920.29 19368.6 37153.3
193.261 6918.16 19370.7 37152.5
193.359 6917.67 19372.6 37157.7
193.461 6916.89 19374.3 37161.1
193.56 6915.09 19376.1 37163.9
193.663 6912.41 19377.4 37163
193.763 6894.86 19304.4 37110.7
193.871 6891.66 19305 37110.9
193.964 6887.85 19305.7 37110.2
194.065 6883.31 19306.2 37108.9
194.167 6879.17 19306.7 37105
194.271 6873.33 19307.5 37102.6
194.472 6867.1 19308.1 37098
194.49 6859.3 19308.7 37094
194.571 6850.6 19308.3 37088.2
194.677 6840.71 19308.4 37082.6
194.773 6830.52 19308.6 37078.2
195.028 6819.01 19308.2 37070.9
195.049 6806.07 19307.1 37063.3
195.078 6793.94 19306.2 37057.7
195.177 6782.39 19306.1 37053.8
195.276 6770.88 19307 37050.3
195.38 6756.73 19307.4 37045
195.483 6741.64 19307.6 37039.4
195.584 6725.32 19307.3 37034.1
195.686 6707.4 19305.9 37029
195.788 6689.01 19304.3 37020.6
195.888 6671.26 19302.9 37015.3
195.987 6652.92 19301.1 37009
196.087 345.251 2266.97 2595.11
196.189 290.413 834.884 1948.81
196.291 236.747 4494.41 6685.07
196.392 9852 28709.7 49749.1
196.489 9780.09 28714.1 49741.4
196.596 360.341 1321.32 1786.01
196.745 364.7 15.0746 489.848
196.795 364.735 15.0735 489.846
196.951 10103.8 31586.3 50839.6
197.001 10010.1 31576.9 50818.3
197.104 9964.78 31438.7 50784.4
197.26 235.017 1793.13 3222.87
197.305 10254.2 25301.9 49678.4
197.555 267.454 707.849 1640.55
197.655 10496.2 25369.3 50614.1
197.761 10486.7 25352.4 50595
197.86 356.35 1213.41 1557.61
197.961 10498.7 28531 52019.5
198.118 10431.7 28478.2 51886.6
198.166 10342.8 28416.9 51708.1
198.367 10229.6 28339.9 51477.8
198.384 10061 28218.2 51118.5
198.466 9824.71 28058.7 50623.3
198.616 9533.88 27877.4 50016
198.727 8851.82 18715.8 44326.9
198.827 7545.85 17816.8 41164.8
198.882 6020.96 12588.2 37827.4
198.98 5744.2 12132.4 36835.3
199.08 5464.8 11687.2 35828.3
199.282 252.707 7284.73 9431.81
199.315 5045.88 12299.8 37725.3
199.436 4778.05 11610.8 36388.8
199.484 4515.63 10962.3 35078.6
199.584 4262.86 10366.1 33817.3
199.735 4024.68 9822.66 32623.2
199.787 3197.27 9094.74 29805.1
199.94 3033.04 8654.37 28806.1
200.036 2876.99 8256.75 27267.4
200.131 356.339 1336.53 2427.17
200.235 2784.33 7983.3 26808.6
200.283 2664.45 7594.53 26022
200.439 247.811 5603 8659.45
200.487 251.988 7417.64 10382.2
200.788 3113.82 10360.3 33248
200.805 360.826 909.883 1017.06
200.888 4016.51 14568.5 33266.7
200.947 3819.05 14399.8 32314.7
201.088 3776.42 14285.1 32005.7
201.105 3744.17 14203.8 31773.2
201.195 231.182 1149.06 2441.54
201.297 246.214 5928.93 10373.8
201.4 341.48 3601.46 3934.09
201.549 330.413 1063.73 1063.73
201.602 351.92 990.089 1700.67
201.702 233.14 6165.08 11485.4
201.901 364.631 175.271 1210.58
201.962 364.648 175.338 1210.92
202.004 364.744 175.458 1211.41
202.099 364.911 175.622 1212.04
202.204 365.138 175.794 1212.7
202.354 365.406 175.949 1213.21
202.458 365.705 176.197 1214
202.51 366.034 176.543 1215.04
202.659 361.584 176.439 1061.11
202.967 361.843 135.916 826.795
202.985 362.225 136.185 827.57
203.004 362.632 136.449 828.386
203.028 363.037 136.707 829.181
203.164 16294.2 61241.6 78388.9
203.217 407.296 261.106 1043.74
203.312 15099 58245.7 71567
203.418 262.514 819.554 1611.8
203.52 333.956 904.755 1975.26
203.616 14817.4 47355 62499.8
203.719 374.166 88.0643 684.418
203.976 15068.7 46755.7 60884.9
204.224 15069.2 46699 60809.6
204.243 15022.3 46634.1 60719.5
204.268 334.506 485.002 691.198
204.299 335.635 631.823 854.092
204.376 362.796 1030.89 1320.9
204.426 362.84 1031.25 1320.96
204.586 369.311 1165.55 3651.47
204.632 369.108 892.617 3114.99
204.782 623.446 2861.68 4400.05
204.832 623.409 2861.3 4399.14
204.934 623.341 2860.56 4397.47
205.133 623.292 2860.01 4396.48
205.153 623.252 2859.55 4395.77
205.43 623.172 2858.8 4394.09
205.536 623.074 2857.86 4392.08
205.636 622.956 2856.72 4389.72
205.659 622.785 2855.28 4386.76
205.684 622.551 2853.6 4383.32
205.739 622.28 2851.75 4379.82
205.841 621.893 2849.23 4374.42
205.938 621.492 2846.7 4369.58
206.089 621.003 2843.75 4363.69
206.195 620.43 2840.54 4357.19
206.246 619.783 2837.03 4350.07
206.396 608.519 2827.84 4296.37
206.443 607.723 2823.33 4286.92
206.545 606.764 2817.93 4275.63
206.699 605.691 2812.01 4263.39
206.797 604.516 2805.64 4250.53
206.854 603.227 2798.72 4236.65
206.95 601.844 2791.28 4221.91
207.051 600.349 2783.26 4205.76
207.156 598.76 2774.68 4188.76
207.253 597.089 2765.55 4170.43
207.35 595.384 2756.04 4151.36
207.46 593.546 2745.56 4130.05
207.658 591.526 2734.39 4107.82
207.678 589.252 2722.24 4083.52
207.756 586.789 2709.4 4057.77
207.856 584.233 2696.27 4032.02
207.965 581.551 2682.55 4004.75
208.063 578.717 2668.26 3976.32
208.164 575.817 2653.69 3946.95
208.264 236.371 3598.29 5365.08
208.414 581.024 3107.59 4996.9
208.514 276.297 4706.13 7234.85
208.564 876.971 6874.41 9419.3
208.667 854.871 6610.67 9151.42
208.766 840.321 6486.85 8993.84
208.867 819.519 6101.33 8601.57
208.971 250.389 4401.41 6960.2
209.07 790.847 5859.83 8286.16
209.236 776.6 5739.06 8129.5
209.279 507.438 2424.34 3314.82
209.382 504.522 2406.61 3280.41
209.479 501.513 2388.41 3244.25
209.585 270.766 6337.04 9950.35
209.68 494.981 2349.7 3167.08
209.827 483.318 2269.19 3058.28
209.876 7294.86 13553.5 46656.4
209.976 6946.67 13119.5 45507.7
210.078 6612.22 12699 44380.1
210.238 367.482 1571.07 2649.47
210.336 6240.74 12255 43524.3
210.438 5897.13 11865.9 42067.2
210.485 5597.74 11472.3 40976.9
210.586 249.354 3973.33 5826.42
210.68 5539.52 11750.5 42726.4
210.781 5118.72 11198 40574.9
210.886 237.066 3294.14 5199.6
210.984 4766.4 10479.9 38415.1
211.087 254.715 3213.75 5162.02
211.244 249.977 2152.54 3604.73
211.286 5266.87 9687.75 38323.7
211.387 4941.95 9347.05 37157.9
211.49 227.869 6062.75 8373.23
211.644 4847.9 9418.63 37121.9
211.698 364.703 2084.03 3290.95
211.792 4629.83 9369.56 37204.8
211.894 368.46 1898.78 2996.14
211.994 347.555 494.049 1367.69
212.096 3555.51 7695.15 32286.6
212.396 3326.83 7387.55 31228.2
212.414 3103.45 7055.3 29719.7
212.438 2899.13 6717.93 28659
212.553 2551.52 6191.86 26314.8
212.603 231.608 3946.11 6034.55
212.702 362.676 1817.35 2800.62
212.797 2700.65 6773.36 27081.2
212.959 2510.86 6459.79 26067.3
213.056 2337.81 6165.58 25102
213.105 2176.69 5725.19 24174.2
213.205 2034.64 5474.56 23308.9
213.308 1868.11 5101.72 21755.9
213.409 289.519 1919.03 2746.86
213.554 1789.7 4880.46 21140.8
213.607 1676.18 4653.93 20096.1
213.711 275.557 1680.32 2962.62
213.816 223.449 4809.07 6587.34
213.913 421.307 206.274 765.057
214.012 1837.47 4666.31 20919.8
214.176 255.893 2733.54 4192.88
214.275 1547.58 4282.39 19774
214.318 1436.22 3971.18 18671.6
214.557 1344.8 3830.54 17772.6
214.654 1254.78 3653.43 16761.8
214.758 1213.03 3598.72 16442.2
215.065 257.633 2373.63 4261.71
215.079 1132.37 3873.66 16091.4
215.257 1125.79 3889.64 16058.1
215.274 1126.46 3920.77 16084.2
215.292 1133.95 3966.57 16182
215.413 1087.38 4004.17 15857
215.464 1102.86 4079.17 16034.9
215.563 1110.64 4112.45 15758.1
215.72 1071.17 4011.8 15306.4
215.819 1088.05 4062.48 15471.6
215.927 1102.26 4102.55 15610.4
215.976 1113.33 4130.07 15716.1
216.123 1122.63 4150.15 15804.7
216.175 217.302 3803.31 4618.98
216.325 1926.98 6889.29 19253.6
216.376 1930.19 6867.03 19275.7
216.478 1123.99 4098 15812.6
216.578 1120.45 4078 15773.5
216.729 1091.79 3978.52 15225.9
216.778 1086.16 3953.3 15170.5
216.931 1080.13 3927.33 15108.6
217.029 1073.41 3899.36 15039.9
217.128 1066.41 3871.11 14968.5
217.178 1059.36 3843.01 14895.8
217.383 1052.29 3815.33 14823
217.395 1004 3691.76 14206.3
217.485 997.653 3666.91 14137
217.585 991.463 3643.7 14070.7
217.684 985.392 3620.93 14004.9
217.787 979.789 3598.97 13942
217.884 974.696 3578.92 13884.3
218.084 970.034 3560.89 13831.6
218.097 965.637 3544.44 13781
218.241 961.427 3528.48 13732.4
218.345 957.754 3514.77 13689.5
218.393 954.597 3502.91 13651.5
218.59 951.404 3426.04 13585.1
218.605 948.838 3415.58 13550.6
218.694 946.272 3405.1 13515.9
218.795 943.901 3395.41 13483.2
218.893 942.022 3387.39 13455.6
219.051 927.107 3378.24 13223
219.099 925.505 3372.23 13199.7
219.195 924.233 3367.51 13180.5
219.297 923.404 3364.69 13165.8
219.396 922.989 3363.15 13154.7
219.501 922.893 3361.99 13145.6
219.598 922.794 3361.15 13137.1
219.705 270.268 1196.1 2183.8
219.801 972.674 4003.38 14729.3
219.95 973.218 4003.14 14722
220.108 973.684 4003.6 14714.9
220.12 974.421 4005.24 14711.6
220.204 974.692 4005.41 14703.5
220.312 975.436 4008.17 14702
220.458 976.305 4011.42 14700.5
220.562 299.418 1475.53 2766.41
220.864 265.77 1089.58 2105.69
220.883 1315.03 5666.32 18069.6
220.899 1316.98 5675.41 18075.7
221.013 1025.71 4653.99 16345.5
221.062 475.812 257.369 1136.88
221.119 339.486 72.4937 610.342
221.216 1054.51 4203.57 15581.3
221.325 1054.43 4189.4 15559.3
221.429 1057.26 4227.95 15600.2
221.572 1060.15 4251.3 15650.7
221.62 1061.89 4271.38 15691.6
221.917 392.108 198.656 922.347
221.967 1176.33 4338.67 16201.5
222.072 1113.55 4333.74 15753.1
222.274 1111.41 4311.23 15708.6
222.296 1108.4 4273.92 15635.1
222.376 1104.04 4221.78 15532.5
222.479 1098.63 4167.84 15421.8
222.633 1092.17 4115.89 15314.3
222.678 1083.68 4066.41 15196.8
222.937 1073.63 4021.36 15083.8
222.957 1061.93 3977.45 14967.4
223.034 1046.8 3926.25 14828.1
223.141 1029.02 3867.22 14669.9
223.187 1008.84 3799.04 14482.6
223.339 987.232 3723.57 14271.8
223.385 964.794 3642.34 14045.3
223.543 828.22 3507.16 13125.7
223.688 810.248 3412.34 12881.1
223.71 792.394 3319.9 12640.7
223.784 774.713 3229.3 12400.8
223.983 745.18 3128.38 11876.3
223.996 728.347 3038.91 11631.4
224.088 712.596 2954.63 11402.6
224.187 685.654 2568.67 10215.5
224.339 672.455 2504.59 10034.8
224.39 660.362 2445.2 9866.07
224.544 649.473 2391.19 9709.92
224.59 639.834 2343.14 9569.83
224.696 288.364 430.269 942.912
224.889 691.078 2315.49 9770.22
224.902 683.802 2286.06 9676.81
225.002 643.53 2250.96 9281.55
225.1 638.782 2230.07 9217.91
225.201 634.898 2213.19 9165.79
225.35 631.795 2200.03 9125.74
225.399 629.358 2190.03 9095.3
225.503 599.502 1870.04 8170.34
225.7 598.452 1867.92 8161.71
225.755 597.808 1867.48 8157.3
225.805 593.836 1852.1 7917.31
225.902 593.988 1855.11 7924.76
226.056 594.242 1858.45 7933.46
226.16 594.701 1862.61 7945.4
226.364 2372.55 2372.55 3142.69
226.38 220.07 3051.69 5549.44
226.414 1095.02 7338.9 14981.8
226.506 1099.1 7398.86 15045
226.607 1104.27 7489.03 15129.7
226.712 1111.33 7613.66 15240.1
226.911 1120.22 7764.31 15370.6
226.922 1133.34 7962.05 15538.6
227.014 1155.18 8387.69 15857.3
227.114 1186.68 8877.86 16249.4
227.213 1162.44 9325.97 16336.4
227.376 1206 9729.12 16756
227.422 1167.86 10118.5 16878.3
227.516 1228.22 10510.4 17428.2
227.618 1295.4 10881 18020.8
227.721 1367.08 11225.9 18641.5
227.818 1440.58 11497.2 19253.1
228.172 1509.13 11648.6 19791.8
228.189 223.355 2202.82 2731
228.202 693.321 10819.3 19010.7
228.228 704.294 10870.7 19300.1
228.324 712.115 10908.7 19522.6
228.427 334.009 8.48171 439.12
228.577 727.236 11244.1 20344.4
228.634 728.237 11357.4 20453.1
228.732 239.571 646.453 1317.68
228.834 781.717 11511 21194.2
228.983 780.555 11528.9 21199
229.032 779.097 11528.4 21183.8
229.131 777.508 11512 21155.2
229.236 347.303 116.215 852.492
229.335 881.486 11436.9 21526.1
229.487 878.735 11388 21467.3
229.586 875.501 11327.6 21395.8
229.639 872.006 11259.2 21315.5
229.74 868.26 11184.8 21228.2
229.838 864.162 11102.2 21131
229.938 860.01 11017.9 21031.1
230.092 855.685 10929.3 20925.9
230.188 851.016 10832 20809.8
230.297 845.975 10726.5 20682.5
230.342 840.456 10610.7 20541.2
230.443 834.663 10488.2 20390.3
230.642 828.579 10358.6 20230.1
230.654 822.293 10223.6 20061.7
230.901 815.839 10085.8 19888.7
230.917 781.535 9906.24 19191
230.952 775.384 9764.91 19013.3
231.05 765.131 9610.43 18628.5
231.149 757.953 9445.21 18417.3
231.253 750.286 9268.9 18189.8
231.35 742.046 9080.3 17944.8
231.453 733.588 8887.23 17692.4
231.609 724.855 8687.22 17428.7
231.658 290.298 1700.75 2669.68
231.755 1009.76 9033.9 18437.2
231.858 994.01 8811.59 18134.8
231.959 977.996 8595.22 17833.8
232.062 961.541 8367.12 17520.4
232.16 944.069 8129.34 17191.2
232.261 925.914 7883.83 16848.5
232.419 907.131 7638.04 16499.1
232.521 887.923 7386.52 16139.6
232.611 868.554 7138.16 15777.7
232.667 849.257 6895.39 15416.8
232.767 830.327 6662.25 15065.6
232.872 811.914 6438.31 14725.2
233.019 782.416 5156.98 12308.3
233.069 764.57 4969.19 12027.3
233.171 746.217 4779.76 11738.3
233.273 727.735 4591.96 11446.6
233.471 709.391 4407.98 11155.9
233.484 691.105 4227.66 10867
233.577 261.224 2354.9 4282.56
233.672 935.618 4823.55 12328.7
233.776 897.386 4604.07 11958.1
233.879 861.226 4397.7 11603.9
233.978 811.535 4179.16 10709.6
234.077 780.405 3990.62 10388
234.231 750.503 3809.93 10074.2
234.279 721.955 3635.93 9765.33
234.386 695.079 3470.36 9468.02
234.481 669.536 3311.92 9177.67
234.633 645.494 3159.86 8898.17
234.685 622.724 3016.53 8627.88
234.784 355.233 203.1 762.773
234.884 619.035 2837.34 8437.28
234.989 598.606 2714.99 8189.97
235.089 579.201 2596.2 7954.23
235.195 338.702 1858.89 2653.15
235.29 1024.29 4148.69 11508.8
235.391 287.521 2026.46 2730.49
235.494 990.436 4141.82 11645.9
235.593 897.452 3539.36 10204.5
235.747 839.519 3332.52 9488.63
235.8 754.859 2844.12 8295.6
235.898 715.872 2711.47 8004.86
236.006 328.19 1576.62 2207.11
236.199 765.561 3427.33 9917.82
236.217 192.104 3498.28 5169.45
236.299 1091.28 4003.73 11389.4
236.404 969.564 3560.27 10043.1
236.5 904.448 3358.12 9573.18
236.602 846.754 3183.86 9187.66
236.763 794.083 3019.85 8819.35
236.811 746.223 2868.67 8470.63
236.959 231.212 1036.74 2153.24
237.015 191.543 2822.52 4391.46
237.107 790.844 3030.35 9278.38
237.211 233.237 529.187 1106.03
237.367 261.293 1939.19 2506.02
237.418 687.184 2654.25 8574.26
237.515 345.122 222.641 749.11
238.056 265.386 1831.2 2323.19
238.07 824.78 3222.85 9486.38
238.086 802.523 3178.66 9289.38
238.102 790.223 3158.19 9213.03
238.167 233.191 650.624 1089.9
238.261 848.235 3284.24 9614.68
238.361 850.689 3303.01 9552.07
238.465 243.094 969.5 1402.06
238.617 200.024 3353.04 4694.66
238.67 1079.05 5045.12 11957.9
238.77 187.694 3128 6256.31
239.119 1457.47 6894.13 15948.5
239.137 1470.04 6919.33 16213.7
239.154 1475.73 6915.62 16376
239.177 1477.87 6898.6 16461.3
239.271 1476.42 6866.58 16480.3
239.37 1473.38 6831.09 16469.1
239.677 1467.69 6785.64 16425.1
239.701 1461.59 6740.26 16372.7
239.725 1454.22 6690.57 16307.9
239.859 1445.15 6634.54 16228.7
239.906 1435.29 6578.21 16143.6
240.059 1424.89 6521.42 16054.5
240.161 1414.34 6465.54 15963.7
240.21 1403.96 6410.76 15873.7
240.311 1393.54 6358.28 15785
240.414 1383.54 6307.79 15700.5
240.51 1373.74 6258.2 15615.5
240.61 1364.5 6212.56 15535.7
240.712 1356.17 6171.5 15463.4
240.869 1347.7 6130.49 15389.8
240.912 1340.27 6094.82 15324.4
241.016 1333.39 6061.55 15262.6
241.115 1326.83 6031.53 15204.1
241.269 1321.26 6005.92 15154
241.318 1316 5981.7 15105.1
241.471 1305.31 5864.46 15041
241.517 1300.8 5842.36 14995.6
241.619 1297.16 5825.51 14958.2
241.821 1293.94 5811.36 14924.7
241.868 1291.5 5799.67 14895
241.971 1289.23 5789.29 14866.9
242.026 1287.26 5780.16 14840.7
242.123 1285.76 5774.2 14819.6
242.324 1284.52 5768.2 14798.9
242.339 1283.38 5763.27 14778.1
242.48 1282.98 5755.96 14758.1
242.528 1010.58 4302.02 11980.3
242.636 1011.98 4306.11 11981.8
242.732 1013.44 4310.81 11984.2
242.831 1011.02 4253.35 11972.7
242.934 1013.01 4258.84 11977.1
243.034 1015.21 4265.4 11983
243.134 1017.83 4275.28 11993.8
243.233 1020.61 4287.31 12007.1
243.336 1023.11 4298.29 12017.8
243.536 1026.04 4306.92 12027.1
243.587 1028.9 4315.69 12036.5
243.64 1031.98 4325.99 12047.8
243.797 220.443 547.954 1145.72
243.838 1031.41 4514.86 12434.8
243.993 1034.66 4530.36 12453.4
244.04 1015.19 4543.52 12259.1
244.147 370.687 235.174 917.17
244.251 1110.31 4631.08 12725.3
244.399 1109.94 4619.98 12696.9
244.591 1110.84 4616.64 12706.8
244.691 1111.1 4614.78 12710.4
244.793 1111.08 4612.62 12710
244.897 1110.87 4609.72 12708.4
244.998 1110.1 4603.63 12701.6
245.099 1108.85 4593.92 12689.9
245.249 1106.69 4579.51 12670.1
245.403 1103.65 4560.25 12642.5
245.415 1099.37 4534.64 12604.4
245.704 1093.34 4482.87 12532.6
245.718 1083.14 4422.53 12445.2
245.731 1069.45 4349.99 12330.3
245.861 1052.82 4266.29 12192.9
245.908 1033.29 4170.73 12028.6
246.058 1010.72 4063.69 11839
246.112 963.96 3911.63 11278.3
246.264 907.115 3795.26 10787
246.311 882.769 3690.2 10576.7
246.41 858.898 3587.98 10366.7
246.509 821.961 3182.48 9309.31
246.611 800.056 3093.63 9128.19
246.712 778.807 3007.91 8949.15
246.811 283.725 475.747 980.628
247.013 810.622 3018.16 9076.44
247.068 789.62 2938.3 8901.46
247.113 770.106 2863.45 8735.44
247.218 752.209 2794.14 8580.29
247.318 213.515 1767.91 2951.61
247.623 854.781 3222.88 9665.34
247.679 834.943 3146.17 9451.56
247.691 817.697 3090.22 9316.78
247.768 802.685 3041.33 9199.22
248.074 713.007 2936.74 8712.36
248.091 703.371 2900.75 8627.27
248.105 694.998 2869.5 8552.11
248.138 687.833 2842.96 8489.33
248.226 681.513 2820.22 8433.82
248.376 676.118 2800.68 8387.53
248.431 671.462 2784.46 8348.26
248.535 667.542 2770.96 8317.41
248.63 664.125 2759.14 8292.13
248.736 661.154 2749.25 8271.26
248.889 658.424 2740.39 8251.78
248.935 655.983 2732.35 8234.28
249.234 653.823 2725.75 8220.31
249.246 651.861 2719.91 8207.9
249.261 1345.15 187.63 2028.82
249.389 777.126 3592.44 9538.84
249.439 776.105 3600.41 9543.54
249.589 775.72 3624.28 9559.86
249.695 724.802 3687.45 9318.57
249.746 730.743 3786.68 9423.3
249.844 739.043 3877.83 9504.59
249.942 753.091 3999.37 9665.95
250.143 771.296 4123.5 9849.86
250.248 652.345 3079.64 8480.17
250.261 668.456 3165.24 8658.91
250.347 686.393 3240.41 8836.1
250.447 266.848 424.21 967.975
250.548 961.469 3452.94 9730.24
250.651 954.847 3508.17 9628.39
250.801 979.887 3568.27 9777.03
250.901 1001.15 3627.8 9914.69
250.958 1018.59 3681.49 10034.1
251.1 1032.57 3725.64 10128.1
251.155 1042.96 3760.54 10201.2
251.254 1050.75 3788.92 10259.1
251.355 1056.4 3805.7 10294.3
251.514 1060.22 3822.33 10329
251.56 304.114 44.2877 519.254
251.656 1072.24 3845.76 10539.4
251.758 1072.32 3854.66 10551.1
251.861 1071.87 3858.38 10554.9
251.961 1071.05 3858.43 10553.3
252.061 1069.62 3855.18 10546.1
252.212 1067.77 3849.84 10536.7
252.264 1065.3 3841.52 10521.5
252.363 1062.18 3829.92 10501.8
252.465 1058.46 3816.22 10478.1
252.568 1054.21 3800.9 10452.7
252.668 1048.14 3779.38 10413.1
252.767 1040.22 3751.87 10362
252.871 1030.51 3719 10299.6
252.969 1019.09 3680.64 10225.2
253.075 228.441 3954.59 4563.69
253.174 1252.26 5953.86 13314.6
253.273 1225.74 5805.05 13135.8
253.376 1197.09 5648.69 12941.9
253.475 1167.85 5491.98 12742.4
253.584 1137.45 5322.43 12531
253.724 1104.73 5121.77 12280.5
253.777 1068.67 4917.23 12008.8
253.879 1030.68 4718.42 11724.3
253.98 992.176 4513.71 11426.1
254.08 954.189 4315.08 11124
254.183 916.443 4131.66 10820.1
254.331 880.447 3961.9 10526.3
254.438 220.953 4262.3 6714.94
254.49 734.366 3859.54 10447.4
254.586 688.439 3358.32 9238.49
254.738 662.214 3177.77 8916.51
254.794 636.604 3010.33 8587.05
254.892 585.675 2761.17 7917.73
254.99 564.427 2613.71 7619.15
255.143 544.498 2474.7 7328.94
255.192 526.038 2350.37 7058.56
255.349 508.769 2156.29 6433.79
255.456 493.48 2062.48 6217.73
255.501 465.208 1923.8 5785.02
255.596 453.492 1850.17 5618.1
255.695 442.726 1771.09 5449.3
255.851 383.118 1637.88 5001.83
256.054 376.081 1568.87 4849.36
256.067 324.455 2220.56 2857.64
256.107 323.743 2148.8 2728.85
256.206 646.306 2480.26 6280.32
256.305 324.344 2151.5 2705
256.408 248.063 1275.14 2158.4
256.513 666.825 3088.02 7440.16
256.662 184.86 4478.54 6348.59
256.712 918.471 3986.75 9450.55
257.073 310.981 1502.99 1945.01
257.087 310.46 1477.17 1927.19
257.213 195.453 3053.33 4665.7
257.309 1047.41 5042.45 11679.7
257.36 175.167 4959.71 6818.8
257.453 1159.46 6023.96 13447.9
257.557 1139.33 5977.05 13329.5
257.661 1123.42 5939 13228
257.759 1113.16 5923.71 13170.7
257.861 1105.76 5907.27 13131.9
257.964 177.054 3932.13 6203.05
258.065 1407.64 9490.6 17748.2
258.166 1398.3 9432.47 17824.7
258.269 1388.22 9367.62 17914.5
258.368 2557.39 2742.89 2742.89
258.475 264.461 2207.17 2743.47
258.572 2920.09 10950.9 19815.6
258.669 2887.23 10857.6 20073.6
258.821 2857.17 10771.8 20311.4
258.876 2827.7 10684.7 20512.6
258.974 2798.78 10598.5 20674
259.176 2776.93 10532.6 20816.2
259.192 2756.9 10472.4 20930.2
259.278 2736.85 10412.7 21014.3
259.377 2720.25 10363.1 21083.2
259.479 2704.47 10315.9 21131.7
259.584 2689.64 10269.9 21163.2
259.678 2677.82 10233.4 21191.5
259.783 2667.03 10200.3 21211.2
259.936 2656.72 10167.2 21219.6
259.987 2648.13 10138.7 21226
260.082 2639.56 10111.9 21225.8
260.289 2578.19 9671.47 20046.7
260.302 2570.85 9650.2 20036.5
260.384 2564.82 9634.32 20029.9
260.492 2560.45 9624.3 20027.8
260.586 2556.65 9616.33 20025.6
260.688 2553.59 9610.29 20024
260.888 2550.38 9603.82 20019.5
260.902 2543.42 9473.72 20007.5
260.99 2543.19 9470.49 20007.2
261.141 2544.2 9473.88 20013.5
261.291 2545.92 9480.96 20023.1
261.304 2549.06 9493.04 20037.7
261.394 2551.32 9505.75 20050
261.546 2553.31 9509.78 19946.6
261.597 2557.13 9526.37 19962.5
261.695 1971.65 6602.05 14788.2
261.798 1972 6605.47 14788.5
261.946 1973.18 6609.19 14790.9
262.05 1974.1 6610.4 14790.7
262.102 1975.49 6615.42 14794.5
262.252 1953.22 6622.8 14635.7
262.35 1955.95 6633.13 14645.7
262.414 258.322 1254.34 2254.53
262.504 2310.35 7432.87 16285.1
262.61 246.516 415.869 969.913
262.757 271.34 1478.78 2670.38
262.814 2968.34 8305.18 18950.4
262.97 267.474 1128.37 1970.36
263.017 343.469 222.144 840.166
263.112 3041.86 8943.89 20946.3
263.213 2821.9 8926.65 20491.8
263.361 341.826 180.144 764.344
263.477 2881.1 9004.26 20928.8
263.519 2882.21 8966.01 20941.6
263.617 2884.53 8974.24 20934.9
263.997 2887.61 8973.26 20944.7
264.014 209.109 1767.53 2533.66
264.08 268.431 623.517 1357.26
264.176 3943.78 11038.5 26023
264.277 3760.19 10365.1 24454
264.384 3767.43 10384.6 24483.9
264.485 268.602 459.657 1175.38
264.685 3777.69 10529 25248.2
264.703 3767.94 10512.8 25213.4
264.785 3748.65 10479.8 25146.4
264.887 3718.9 10429.9 25047.5
264.984 3676.69 10352.9 24901.4
265.142 3620.28 10251.8 24696.3
265.239 3542.55 10095.4 24406.3
265.295 3447.85 9903.29 24039.7
265.542 3323.07 9557.56 22909.2
265.559 3200.03 9322.33 22431.2
265.593 3053.16 8971.41 21283
265.693 2918.15 8712.34 20780.2
265.799 2779.72 8449.33 20242.4
265.898 2607.46 7720.99 18462.9
266.146 2088.6 7041.84 16355.8
266.162 1988.64 6813.88 15927.2
266.202 1796.68 5893.19 14066.7
266.301 193.13 3233.24 4030.14
266.4 1818.82 6551.97 15417.2
266.503 1743.54 6363.98 15057.7
266.603 1675.71 6194.42 14727.9
266.7 1615.36 6044.62 14428.7
266.802 1562.5 5911.53 14035
266.953 1517.16 5797.98 13801.7
267.014 1479.17 5704.72 13604.1
267.208 1447.97 5628.31 13440.4
267.261 1422.45 5566.28 13306.1
267.362 1312.32 4978.5 11982.9
267.461 195.528 2126.4 3151.54
267.562 1394.42 5810.63 13541.3
267.61 1384.6 5785.87 13487
267.71 1377.74 5769.72 13449.4
267.817 1373.49 5763.7 13428.9
267.914 1371.94 5764.02 13422.4
268.071 1372.49 5770.03 13428.5
268.118 1374.71 5781.94 13445.1
268.223 1378.24 5795.87 13468.2
268.317 293.545 4522.92 6461.58
268.419 1652.04 9609.39 18740.1
268.571 1661.78 9667.19 18812.5
268.669 1672.77 9742.34 18902.1
268.726 1686.76 9843.05 19017.5
268.822 1703.89 9965.07 19156.9
268.922 1726.59 10115.8 19333.9
269.076 1755.49 10294.8 19550.9
269.128 1579.06 9705.62 18146.5
269.227 1364.5 5312.94 12398.1
269.379 1341.47 5335.94 12097.3
269.427 1313.06 5376.23 11940.1
269.58 1340.71 5427.3 12069
269.631 1368.98 5467.63 12194.3
269.732 1395.55 5500.07 12310.6
269.834 1403.96 5396.49 11877.2
269.93 1423.28 5402.77 11950.8
270.03 1436.76 5411.61 12011.1
270.137 1444.57 5417.46 12052.7
270.238 307.211 117.02 606.441
270.335 1480.15 5425.11 12341.4
270.487 1481.78 5437.66 12360.6
270.536 1483.88 5446.17 12376.1
270.638 1486.73 5452.32 12390.6
270.741 1488.48 5453.71 12397.7
270.841 1489.77 5454.1 12402.7
270.94 1490.32 5453.08 12404.6
271.042 1490.19 5450.59 12403.4
271.197 1490.05 5447.83 12401.9
271.248 1491.54 5447.31 12406.8
271.35 1496.26 5451.6 12423.6
271.448 1287.47 4412.41 10477.6
271.55 1291.25 4416.73 10493.1
271.693 1295.87 4422.24 10512.6
271.751 1301.75 4429.94 10538.1
271.853 1030.77 3832.47 9191.17
272.004 965.131 3605.96 8514.91
272.152 623.825 3000.83 6950.57
272.165 577.533 2428.23 5254.17
272.253 552.706 2249.93 4749.1
272.358 315.517 1096.75 2625.57
272.456 295.651 840.053 2053.48
272.603 297.116 848.658 2090.22
272.664 290.209 824.399 1989.87
272.757 291.697 833.667 2031.37
272.858 293.361 843.263 2074.92
272.962 295.146 852.713 2118.97
273.263 297.067 862.598 2164.15
273.274 299.02 872.6 2210.45
273.286 298.109 108.527 815.224
273.521 297.529 108.85 817.656
273.532 296.906 109.148 819.841
273.566 288.131 3.49834 394.471
273.667 290.518 91.5262 540.652
273.767 303.222 194.657 1117.72
273.869 302.55 195.07 1120.77
273.97 301.912 195.478 1123.64
274.071 301.102 195.949 1126.14
274.173 302.318 156.035 615.173
274.271 317.205 4803.84 5392.77
274.375 278.076 340.801 743.245
274.477 305.46 6081.37 305.46
274.734 306.105 6030.74 5703.54
274.752 311.676 8474.43 7635.28
274.829 1938.06 54587.6 93926
274.888 306.404 9767.84 8521.14
274.984 2734.28 73930.3 144196
275.084 2795.09 74767.6 146067
275.182 245.867 967.259 1092.37
275.288 3122.1 75837.3 149211
275.391 3163.69 76373.5 150450
275.487 3200.1 76829.2 151479
275.784 3232.4 77223.2 152382
275.937 303.252 11193.9 15848.2
276.238 3457.47 90169.9 193198
276.253 3488.56 90556 194212
276.345 3520.35 90938.4 195240
276.359 3555.14 91377.6 196361
276.374 3584.08 91463.3 197285
276.394 3613.44 91940.9 198204
276.407 3643.13 92294.7 199138
276.494 3668.7 92587.2 199927
276.597 3697.92 92919.3 200831
276.8 3728.82 93257.6 201777
276.813 3757.41 93570.6 202641
277.003 3785.75 93864.1 203490
277.016 3816.56 94187.3 204415
277.099 3844.27 94456.1 205227
277.206 3873.12 94747.2 206073
277.312 3900.36 95014.2 206873
277.405 3926.6 95265.2 207638
277.51 3954.96 95533.6 208479
277.663 3982.31 95795.5 209287
277.718 4010.23 96065 210105
277.81 4038.49 96316.6 210936
277.914 4068.86 96614.3 211824
278.068 4098.54 96882.5 212695
278.112 4127.38 97149.7 213535
278.265 4155.67 97405.3 214360
278.415 4183.47 97658.5 215178
278.428 4209.54 97878.2 215935
278.514 4233.94 98089.5 216649
278.616 4259.5 98313.5 217407
278.824 4283.63 98532.3 218129
278.836 4306.52 98716.6 218825
278.923 4327.1 98896.3 219458
279.018 4345.27 99038.8 220036
279.225 4360.97 99151.3 220559
279.278 4374.96 99243.2 221040
279.322 4387.09 99322 221477
279.422 4398.62 99396.3 221928
279.526 4408.13 99443.9 222349
279.626 4416.27 99478.6 222767
