Time State
8.44706 0
8.54841 0
8.6483 0
8.948 0
8.95392 0
8.95937 0
9.05145 0
9.1502 0
9.25296 0
9.35149 0
9.45235 0
9.60412 0
9.65619 0
9.75519 0
9.85926 0
10.015 0
10.0577 0
10.5207 0
10.5285 0
10.5379 0
10.5466 0
10.5655 0
10.6667 0
10.7652 0
11.0686 0
11.0759 0
11.0844 0
11.225 0
11.2685 0
11.371 0
11.4764 0
11.7218 0
11.7295 0
11.7719 0
11.9273 0
12.0274 0
12.0847 0
12.1802 0
12.2789 0
12.3776 0
12.4824 0
12.6809 0
12.6912 0
12.7843 0
12.9336 0
12.9828 0
13.0863 0
13.1875 0
13.2852 0
13.3894 0
13.4905 0
13.5885 0
13.7421 0
13.7916 0
13.8911 0
13.9918 0
14.0918 0
14.1921 0
14.2953 0
14.3967 0
14.4939 0
14.5955 0
14.7502 0
14.8479 0
14.9004 0
15.0001 0
15.1531 0
15.2091 0
15.5347 0
15.8448 0
16.4046 0
16.445 0
16.4812 0
16.5102 0
16.5255 0
16.7089 0
16.7199 0
16.734 0
16.7464 0
16.7885 0
17.0405 0
17.0568 0
17.0903 0
17.1844 0
17.2831 0
17.4346 0
17.4858 0
17.6368 0
17.6881 0
17.9371 0
17.9469 0
18.0366 0
18.1366 0
18.2402 0
18.2888 0
18.4387 0
18.4932 0
18.5924 0
18.6945 0
18.7966 0
18.8946 0
18.9919 0
19.0956 0
19.1978 0
19.2993 0
19.3949 0
19.4997 0
19.6024 0
19.6995 0
19.7998 0
19.8997 0
20.0024 0
20.1031 0
20.3071 0
20.3653 0
20.508 0
20.5166 0
20.8124 0
20.8204 0
20.8649 0
20.9128 0
21.06 0
21.1176 0
21.2134 0
21.3122 0
21.4154 0
21.7691 0
21.7779 0
21.793 0
21.8671 0
21.9197 0
22.0186 0
22.1683 0
22.2749 0
22.3233 0
22.4235 0
22.5248 0
22.6266 0
22.7242 0
22.8275 0
22.9783 0
23.1277 0
23.1355 0
23.2834 0
23.3815 0
23.4312 0
23.5306 0
23.6335 0
23.7373 0
23.8328 0
23.9865 0
24.0412 0
24.1895 0
24.2385 0
24.6123 0
24.6287 0
24.6424 0
24.6804 0
24.7683 0
24.868 0
24.968 0
25.0731 0
25.22 0
25.2718 0
25.37 0
25.4707 0
25.5789 0
25.6757 0
25.7774 0
25.882 0
25.981 0
26.0825 0
26.1814 0
26.2825 0
26.5323 0
26.5414 0
26.636 0
26.6901 0
26.7889 0
26.9369 0
27.038 0
27.1912 0
27.207 0
27.3015 0
27.3992 0
27.4998 0
27.904 0
27.9168 0
27.9254 0
27.9358 0
28.0023 0
28.0982 0
28.4089 0
28.4154 0
28.4205 0
28.501 0
28.6022 0
28.8119 2
29.0148 3
29.0287 3
29.0438 1
29.1177 3
29.2191 3
29.3166 3
29.4171 3
29.5713 3
29.8128 3
29.9085 3
29.9538 3
30.0536 3
30.1613 3
30.2589 3
30.3578 1
30.514 3
30.565 3
30.6674 3
30.7674 1
30.8632 0
30.9654 2
31.0656 3
31.1679 1
31.317 0
31.3756 0
31.5226 0
31.5754 0
31.6694 0
31.8247 0
31.8762 0
31.9747 0
32.1215 0
32.1766 0
32.276 0
32.3772 0
32.4769 0
32.5791 0
32.6789 0
32.781 0
32.8818 0
32.9859 0
33.1366 0
33.1935 0
33.3369 0
33.3924 0
33.4945 0
33.6421 0
33.6907 0
33.7943 0
33.8992 0
34.0429 0
34.1426 0
34.1983 0
34.2966 2
34.394 3
34.6005 1
34.6103 1
34.7002 3
34.8473 1
34.9012 3
34.9987 1
35.1075 3
35.2032 1
35.3035 0
35.4606 2
35.5092 0
35.6053 0
35.7132 0
35.811 0
35.9594 0
36.0092 0
36.1139 0
36.2651 0
36.3185 0
36.47 0
36.5628 0
36.7913 2
36.8574 0
36.9599 0
37.0622 2
37.1588 0
37.312 0
37.5129 0
37.5297 0
37.5581 0
37.657 0
37.7625 0
37.86 0
37.9606 0
38.0626 0
38.1623 0
38.2723 0
38.4178 0
38.466 0
38.5705 0
38.6751 0
38.8266 0
38.8681 0
38.969 0
39.0737 2
39.1717 0
39.2793 0
39.3763 0
39.4741 0
39.6248 0
39.7288 0
39.7844 0
39.9252 0
39.9793 0
40.0833 2
40.1858 3
40.281 1
40.3898 3
40.5365 1
40.5885 3
40.6882 3
40.7898 3
40.8879 1
41.0468 0
41.0973 2
41.1943 0
41.2962 0
41.3981 0
41.4964 0
41.5955 0
41.6967 0
41.801 0
41.9982 0
42.0676 0
42.1607 0
42.2126 0
42.5054 0
42.5178 0
42.532 0
42.6038 0
42.7033 0
42.8042 0
42.9092 0
43.008 2
43.1072 0
43.2106 2
43.3129 0
43.4096 0
43.5105 0
43.6159 2
43.714 0
43.8157 2
44.0185 0
44.0312 0
44.1201 0
44.2231 0
44.375 0
44.5753 0
44.5854 0
44.6242 0
44.726 0
44.824 0
44.9767 0
45.0741 0
45.1276 0
45.2278 0
45.3772 0
45.4825 0
45.5297 0
45.6312 0
45.7803 0
45.8881 0
45.9869 0
46.0362 0
46.1355 0
46.2884 0
46.3379 0
46.4377 0
46.7414 0
46.7517 0
46.763 0
46.8465 0
46.9914 0
47.0464 0
47.1482 0
47.2977 0
47.3476 0
47.4968 0
47.5488 0
47.6504 0
47.7498 0
47.9066 0
48.0023 0
48.1036 0
48.1596 0
48.2551 0
48.3562 0
48.4576 0
48.559 0
48.6598 0
48.7604 0
48.8619 0
48.9622 0
49.0667 0
49.1691 2
49.2653 0
49.3642 0
49.4721 2
49.6211 0
49.6696 0
49.9183 0
49.9337 0
50.0306 0
50.1249 0
50.1749 2
50.2743 0
50.3765 2
50.4765 0
50.5806 0
50.7301 0
50.7819 2
50.8856 3
50.9828 1
51.0895 0
51.2868 0
51.2986 0
51.5331 2
51.5827 0
51.6866 0
51.9841 0
51.9977 2
52.2904 0
52.3041 2
52.3206 0
52.341 0
52.3928 2
52.4906 0
52.6006 0
52.702 0
52.8043 0
52.9052 0
53.0517 0
53.1547 0
53.2062 0
53.2988 0
53.3988 0
53.4982 0
53.6024 0
53.7087 0
53.8105 0
53.9112 0
54.0197 0
54.1134 0
54.2098 0
54.3614 0
54.4117 0
54.5111 0
54.6232 0
54.7666 0
54.8245 0
54.92 0
55.0145 0
55.1154 0
55.2191 0
55.3227 0
55.4179 0
55.5234 0
55.6224 0
55.724 2
55.8819 0
55.9261 0
56.0257 0
56.1275 0
56.2792 0
56.3293 2
56.4826 3
56.633 1
56.6495 3
56.7336 1
56.835 0
56.988 0
57.0915 2
57.1877 0
57.289 2
57.3404 3
57.7996 1
57.8151 3
57.8329 3
57.8463 1
57.9092 0
57.9968 0
58.0966 0
58.3085 2
58.4085 0
58.509 0
58.6676 0
58.7121 0
59.1202 0
59.1339 2
59.153 2
59.1771 0
59.2204 0
59.4177 0
59.4316 0
59.5206 0
59.675 0
59.7251 0
59.8793 0
59.9246 0
60.0255 0
60.13 0
60.2351 0
60.4262 0
60.5322 0
60.544 0
60.6348 0
60.7296 0
60.8893 0
60.937 0
61.0365 2
61.1376 0
61.2406 2
61.3356 0
61.4436 0
61.5891 0
61.6961 0
61.7432 2
61.8455 3
61.9443 1
62.1042 3
62.1497 3
62.2477 3
62.352 3
62.4616 3
62.5597 3
62.654 1
62.8032 0
62.8582 0
62.9604 0
63.0575 0
63.213 2
63.2636 0
63.3594 0
63.5617 0
63.578 0
63.6614 0
63.7669 0
63.8683 0
63.972 0
64.1279 0
64.1809 2
64.2736 0
64.3744 0
64.5269 0
64.624 2
64.6745 3
64.8354 1
64.8777 1
64.9815 3
65.1845 1
65.2015 3
65.4222 1
65.528 3
65.6294 3
65.7366 3
65.8293 1
65.9332 0
66.0822 0
66.1311 0
66.2368 0
66.338 0
66.4356 0
66.5413 0
66.6377 0
66.7377 0
66.8393 0
66.9446 0
67.0415 0
67.1437 0
67.2426 0
67.3945 0
67.4452 0
67.5958 0
67.648 0
67.7472 0
67.8463 0
67.9515 0
68.0542 0
68.1567 0
68.4087 0
68.4299 0
68.4577 0
68.5589 0
68.708 0
68.8059 0
68.8664 0
68.9591 0
69.1121 0
69.1642 0
69.2624 0
69.4137 0
69.4683 0
69.5681 0
69.6642 0
69.7655 0
69.92 0
69.9751 2
70.0707 0
70.1702 0
70.2737 2
70.375 0
70.4815 0
70.6295 0
70.6802 2
70.8317 0
70.8793 0
70.9859 2
71.1797 0
71.2008 0
71.2867 2
71.3873 3
71.4901 3
71.5897 3
71.9435 1
71.9755 3
72.0074 3
72.0372 3
72.1436 1
72.2041 3
72.2977 1
72.397 3
72.633 3
72.7371 3
72.8388 1
72.9408 0
73.09 0
73.1427 0
73.2946 0
73.3428 2
73.4941 0
73.5948 0
73.6499 0
73.7554 2
73.8563 3
73.9476 1
74.0982 0
74.2087 2
74.2579 0
74.3475 0
74.505 2
74.5536 0
74.6568 2
74.7519 0
74.9517 0
74.971 0
75.0549 0
75.1553 0
75.3077 0
75.3591 0
75.4634 2
75.5694 3
75.8275 3
75.8507 3
75.8692 1
75.9639 0
76.0704 2
76.3281 3
76.3584 3
76.4738 3
76.499 1
76.5836 3
76.683 3
76.7816 3
76.8781 1
76.9782 0
77.1291 0
77.184 0
77.2818 0
77.4377 0
77.4874 0
77.5851 0
77.6887 0
77.8448 0
77.9885 0
78.0878 0
78.1173 0
78.1878 0
78.2936 2
78.4512 0
78.4943 0
78.7005 0
78.7338 0
78.8995 0
78.9242 0
79.0522 0
79.1061 0
79.3609 2
79.3849 0
79.4094 0
79.499 0
79.6055 0
79.7026 0
79.9607 2
79.9959 2
80.0231 3
80.1119 3
80.2109 1
80.3145 0
80.467 0
80.525 0
80.7081 0
80.8614 0
80.9124 0
81.0693 0
81.1167 0
81.2192 0
81.3175 0
81.4743 0
81.5223 0
81.6202 0
81.7225 0
81.824 0
81.9744 0
82.0259 0
82.1715 0
82.2284 0
82.3283 0
82.4837 0
82.5294 0
82.6285 0
82.8823 0
82.9074 0
82.9414 0
83.0317 0
83.135 0
83.2867 0
83.3875 0
83.44 0
83.5386 0
83.8368 0
83.8628 0
83.8923 0
83.9487 0
84.0426 0
84.1552 0
84.2972 0
84.3938 0
84.4457 0
84.5487 0
84.651 0
84.7526 0
84.85 0
84.954 0
85.0555 0
85.1648 2
85.5108 3
85.5396 1
85.5661 3
85.6187 3
85.668 3
85.8172 1
85.8661 1
85.9701 0
86.0655 0
86.1651 2
86.5666 0
86.5936 0
86.6199 0
86.6514 2
86.6745 0
86.7771 2
86.8748 3
86.972 1
87.1707 0
87.201 0
87.2783 2
87.4287 0
87.4862 0
87.7789 2
87.8264 0
87.926 0
88.0276 0
88.2305 2
88.2623 0
88.3839 0
88.5322 0
88.5594 0
88.6326 0
88.734 0
88.8876 0
88.9356 0
89.0947 0
89.1363 0
89.2379 0
89.3407 0
89.4418 0
89.5425 2
89.6377 0
89.7477 2
89.8496 3
89.9463 1
90.0999 3
90.1533 3
90.2481 3
90.3465 3
90.4536 3
90.5563 3
90.6596 3
90.811 3
90.8584 3
90.9694 3
91.0592 1
91.1613 3
91.3661 3
91.4097 3
91.4824 3
91.8289 3
91.8707 3
91.922 3
91.9596 3
92.0349 3
92.0925 3
92.1939 3
92.2834 3
92.3813 3
92.4862 3
92.7364 3
92.9912 3
93.0303 3
93.0666 3
93.1043 3
93.1513 3
93.389 3
93.4316 3
93.4719 3
93.5112 1
93.6017 3
93.7457 1
93.8426 0
93.8991 2
94.0462 0
94.1008 0
94.1942 0
94.3036 0
94.4036 2
94.4997 0
94.5987 0
94.6988 0
94.8024 0
94.9066 2
95.0006 0
95.1078 0
95.2032 0
95.3045 0
95.4023 0
95.5043 0
95.604 0
95.7054 0
95.8066 0
95.9118 0
96.0124 0
96.4106 0
96.4449 0
96.4854 0
96.5162 0
96.5539 0
96.7195 0
96.7555 0
96.8213 0
96.9224 0
97.0211 0
97.2754 0
97.3138 0
97.4493 0
97.4916 0
97.5505 0
97.6432 0
97.7437 0
97.8458 0
97.9963 0
98.0451 0
98.1978 0
98.2471 0
98.3452 0
98.4445 0
98.5519 0
98.65 0
98.7523 0
98.9053 0
98.9504 0
99.0501 0
99.1493 0
99.2532 0
99.61 0
99.6406 0
99.6695 0
99.8092 0
99.8596 0
99.8943 0
99.9597 0
100.111 0
100.22 2
100.267 0
100.363 0
100.465 0
100.567 0
100.667 0
100.777 2
100.87 0
100.971 0
101.07 0
101.17 0
101.277 0
101.379 0
101.478 0
101.575 0
101.68 2
101.778 0
101.877 0
102.031 0
102.079 0
102.179 0
102.328 0
102.43 0
102.486 0
102.583 2
102.687 0
102.791 2
102.896 0
103.046 2
103.095 2
103.201 3
103.295 1
103.408 3
103.501 1
103.6 3
103.833 3
104.039 1
104.077 1
104.146 3
104.243 1
104.344 3
104.442 1
104.597 0
104.698 0
104.749 2
104.948 3
104.986 1
105.053 0
105.149 0
105.253 0
105.352 0
105.45 0
105.608 0
105.658 0
105.911 0
105.942 0
106.009 0
106.058 0
106.162 0
106.314 0
106.361 0
106.46 0
106.563 0
106.664 0
106.822 0
106.869 0
106.966 0
107.125 0
107.169 0
107.27 0
107.372 0
107.467 0
107.629 0
107.675 0
107.775 0
107.875 0
107.978 0
108.072 0
108.174 0
108.279 0
108.375 0
108.477 0
108.583 0
108.681 0
108.782 0
108.885 2
108.983 0
109.082 0
109.191 0
109.339 0
109.387 0
109.54 0
109.647 0
109.702 2
109.8 0
110.148 0
110.182 2
110.21 0
110.251 0
110.301 0
110.397 0
110.505 0
110.602 0
110.706 2
110.863 0
110.915 0
111.348 0
111.386 0
111.429 2
111.562 3
111.615 1
111.76 3
111.802 1
111.914 0
111.964 0
112.12 0
112.219 0
112.27 0
112.364 0
112.458 0
112.559 0
112.666 0
112.757 0
112.913 0
113.011 0
113.061 0
113.159 0
113.26 0
113.361 0
113.46 0
113.663 0
113.692 0
113.764 0
113.921 0
114.068 0
114.095 0
114.175 2
114.277 0
114.369 0
114.481 0
114.572 0
114.673 0
114.772 0
114.873 0
115.034 2
115.18 0
115.204 0
115.287 0
115.382 0
115.48 0
115.583 0
115.838 0
115.862 0
115.939 0
115.992 0
116.093 0
116.193 0
116.392 0
116.422 0
116.494 0
116.595 0
116.701 0
116.798 0
116.894 0
117.047 0
117.15 0
117.207 2
117.301 0
117.401 0
117.506 0
117.605 0
117.867 2
117.895 0
118.003 0
118.023 0
118.159 0
118.351 0
118.374 2
118.409 2
118.508 0
118.667 0
118.81 0
118.827 0
118.914 0
119.012 0
119.116 0
119.218 0
119.314 0
119.519 0
119.538 0
119.668 0
119.72 0
119.823 0
119.984 0
120.024 0
120.129 0
120.28 0
120.327 0
120.481 0
120.532 0
120.631 0
120.73 0
120.885 0
120.943 0
121.089 0
121.14 0
121.239 0
121.338 0
121.436 0
121.542 0
121.643 0
121.743 0
121.896 0
122.005 0
122.147 0
122.18 0
122.302 0
122.346 0
122.493 0
122.545 0
122.703 0
122.755 0
122.955 0
122.983 0
123.064 0
123.157 0
123.252 0
123.608 0
123.636 0
123.663 0
123.719 0
123.762 0
124.012 0
124.039 0
124.075 0
124.161 0
124.26 0
124.361 0
124.518 0
124.563 0
124.818 2
124.846 2
124.875 3
125.024 3
125.125 3
125.176 3
125.277 3
125.523 3
125.569 3
125.667 3
125.769 3
125.92 3
125.976 3
126.082 3
126.18 3
126.276 3
126.575 3
126.594 3
126.614 3
126.731 3
126.839 3
126.888 3
127.034 3
127.086 3
127.183 3
127.289 3
127.536 3
127.553 3
127.592 3
127.739 3
127.794 3
127.995 3
128.02 3
128.101 3
128.199 3
128.35 3
128.406 3
128.548 3
128.659 3
128.701 3
128.849 3
128.901 3
129.008 3
129.157 3
129.253 3
129.31 3
129.415 3
129.613 3
129.64 3
129.72 3
129.866 3
129.916 3
130.015 3
130.112 3
130.217 3
130.317 3
130.515 3
130.532 3
130.626 3
130.723 3
130.931 3
130.958 3
131.027 3
131.129 3
131.233 3
131.329 3
131.431 3
131.59 3
131.637 3
131.8 3
131.839 3
132.066 3
132.23 3
132.282 3
132.375 3
132.792 3
132.822 3
132.845 3
132.871 3
132.895 3
132.986 3
133.085 3
133.188 3
133.488 3
133.516 3
133.541 3
133.63 3
133.741 3
133.795 3
133.893 3
133.991 3
134.088 3
134.193 3
134.3 3
134.396 3
134.594 3
134.613 3
134.7 3
134.798 3
134.895 3
135.199 3
135.215 3
135.301 3
135.316 3
135.452 3
135.56 3
135.604 3
135.704 3
135.86 3
135.908 3
136.01 3
136.106 3
136.266 3
136.317 3
136.471 3
136.517 3
136.614 3
136.72 3
136.811 3
136.912 3
137.016 3
137.115 3
137.271 3
137.381 3
137.474 3
137.577 3
137.624 3
137.728 3
137.828 3
137.929 3
138.038 3
138.13 3
138.23 3
138.387 3
138.438 3
138.583 3
138.629 3
138.735 3
138.891 3
138.992 3
139.049 3
139.14 3
139.24 3
139.342 3
139.45 3
139.591 3
139.652 3
139.746 3
139.849 3
139.947 3
140.052 3
140.153 3
140.255 3
140.361 3
140.458 3
140.755 3
140.905 3
140.927 3
141.055 3
141.112 3
141.259 3
141.363 3
141.414 3
141.667 3
141.688 3
141.768 3
141.822 3
141.976 3
142.069 3
142.12 3
142.22 3
142.32 3
142.423 3
142.522 3
142.62 3
142.725 3
142.827 3
142.927 3
143.034 3
143.134 3
143.228 3
143.33 3
143.425 3
143.525 3
143.691 3
143.736 3
143.837 3
144.091 3
144.118 3
144.138 3
144.233 3
144.34 3
144.444 3
144.541 3
144.643 3
144.745 3
144.843 3
144.945 3
145.048 3
145.146 3
145.304 3
145.401 1
145.502 0
145.559 0
145.651 0
145.752 0
145.91 0
146.002 0
146.1 2
146.158 3
146.266 3
146.459 3
146.487 3
146.566 3
146.663 3
146.867 3
146.896 3
146.968 3
147.069 3
147.171 3
147.472 3
147.499 3
147.528 3
147.572 3
147.675 3
147.779 3
147.979 3
148.005 3
148.242 3
148.341 3
148.435 3
148.539 3
148.688 3
148.74 3
148.841 3
148.939 3
149.041 3
149.153 3
149.253 3
149.352 3
149.455 3
149.555 3
149.703 3
149.756 3
149.858 1
149.961 0
150.055 0
150.155 0
150.259 0
150.409 0
150.461 0
150.559 0
150.663 0
150.813 2
150.862 2
150.962 0
151.062 0
151.158 0
151.261 0
151.414 0
151.466 0
151.562 0
151.662 0
151.862 0
151.877 0
151.97 0
152.076 0
152.166 0
152.273 0
152.373 0
152.527 0
152.621 0
152.676 0
152.774 0
152.932 0
153.031 0
153.176 0
153.193 0
153.278 0
153.38 0
153.485 0
153.588 0
153.693 0
153.785 2
153.939 0
153.993 0
154.097 2
154.192 0
154.394 0
154.595 0
154.608 0
154.627 2
154.695 0
154.792 0
154.894 0
154.998 0
155.099 2
155.193 0
155.296 0
155.45 0
155.502 2
155.655 0
155.848 0
155.862 0
155.912 0
156.01 0
156.107 0
156.257 0
156.42 0
156.443 0
156.567 0
156.624 0
156.714 0
156.816 0
156.922 0
157.023 0
157.118 0
157.219 0
157.326 0
157.42 0
157.526 0
157.625 0
157.828 0
157.85 0
157.979 0
158.028 0
158.128 0
158.281 0
158.381 0
158.426 0
158.525 0
158.629 0
158.728 0
158.886 0
158.935 0
159.035 0
159.132 0
159.232 0
159.383 0
159.435 0
159.588 0
159.691 0
159.741 2
159.84 0
159.943 2
160.041 0
160.147 0
160.299 0
160.345 0
160.454 0
160.552 0
160.658 2
160.8 0
160.906 0
160.953 0
161.052 0
161.152 0
161.254 0
161.354 0
161.461 0
161.656 2
161.719 3
161.761 3
161.863 3
161.968 3
162.122 1
162.34 0
162.377 0
162.467 0
162.613 0
162.717 0
162.766 0
162.918 0
163.119 0
163.134 0
163.172 0
163.273 0
163.376 0
163.526 2
163.576 2
163.676 3
163.779 3
163.877 3
163.984 3
164.081 3
164.18 3
164.285 3
164.486 3
164.502 3
164.688 3
164.705 3
164.939 3
165.094 3
165.111 3
165.135 3
165.205 1
165.302 0
165.462 0
165.551 0
165.599 0
165.749 0
165.848 0
165.899 0
166.053 0
166.205 0
166.221 0
166.359 0
166.403 0
166.504 0
166.604 0
166.703 0
166.809 0
166.913 0
167.011 0
167.213 0
167.229 0
167.315 0
167.412 0
167.513 2
167.613 0
167.714 0
167.822 2
167.916 0
168.175 0
168.193 0
168.275 2
168.324 2
168.44 3
168.538 3
168.784 3
168.938 3
168.991 3
169.085 3
169.188 3
169.294 3
169.39 3
169.49 3
169.693 3
169.708 3
169.792 3
169.894 3
170.313 3
170.33 3
170.415 1
170.435 3
170.47 1
170.56 0
170.769 0
170.788 0
170.828 2
171.022 0
171.046 0
171.124 2
171.273 0
171.37 0
171.419 0
171.522 0
171.68 0
171.729 0
171.882 0
171.925 0
172.025 2
172.231 0
172.246 0
172.335 0
172.428 0
172.531 0
172.932 0
173.09 0
173.114 0
173.141 2
173.166 0
173.197 0
173.244 0
173.348 0
173.447 0
173.549 0
173.643 0
173.741 0
173.843 0
173.942 0
174.044 0
174.148 0
174.248 0
174.349 2
174.449 3
174.556 1
174.648 0
174.804 2
174.855 0
175.014 0
175.057 0
175.158 2
175.314 3
175.359 3
175.465 3
175.562 3
175.668 3
175.766 3
176.016 3
176.119 3
176.223 3
176.321 3
176.422 3
176.673 3
176.691 3
176.827 3
176.844 3
176.933 3
177.033 3
177.131 3
177.231 3
177.33 3
177.432 3
177.539 3
177.942 3
177.962 3
177.985 3
178.004 3
178.094 3
178.141 3
178.245 3
178.344 3
178.441 3
178.541 1
178.644 0
178.743 0
178.843 0
178.946 0
179.1 0
179.206 0
179.249 0
179.352 0
179.454 0
179.552 0
179.651 0
179.752 0
179.952 0
179.97 0
180.055 0
180.155 0
180.257 0
180.463 0
180.478 0
180.561 0
180.713 0
180.767 0
180.869 0
181.065 0
181.214 0
181.238 0
181.321 2
181.373 0
181.472 0
181.579 0
181.729 0
181.779 0
181.883 0
182.034 2
182.089 3
182.185 1
182.284 0
182.387 0
182.479 0
182.582 0
182.685 0
182.788 0
182.94 0
183.14 2
183.162 0
183.216 0
183.572 0
183.593 0
183.887 0
183.902 0
183.92 2
184.188 0
184.211 0
184.237 2
184.263 0
184.39 2
184.439 0
184.598 0
184.643 0
184.745 0
184.894 2
184.997 0
185.045 0
185.15 0
185.301 0
185.348 0
185.601 0
185.623 0
185.7 0
185.751 0
185.853 0
185.951 0
186.051 0
186.156 2
186.302 3
186.359 1
186.556 0
186.575 0
186.657 0
186.758 0
186.864 0
186.962 0
187.066 0
187.212 0
187.264 0
187.369 0
187.47 2
187.571 0
187.67 0
187.819 0
187.87 2
188.025 0
188.071 0
188.223 0
188.324 0
188.421 0
188.478 0
188.574 0
188.681 0
188.879 0
188.939 0
188.981 0
189.077 0
189.175 0
189.282 0
189.382 0
189.489 2
189.586 0
189.734 0
189.786 2
189.935 3
190.033 1
190.086 0
190.185 0
190.338 0
190.389 0
190.543 2
190.592 3
190.796 3
190.904 3
190.921 3
191.197 3
191.245 3
191.442 1
191.456 1
191.543 0
191.694 0
191.747 0
191.846 0
191.948 0
192.048 0
192.152 0
192.25 0
192.354 0
192.452 0
192.611 0
192.658 0
192.755 0
192.859 0
193.008 0
193.06 0
193.159 0
193.262 0
193.359 0
193.462 0
193.56 0
193.663 0
193.763 0
193.871 0
193.964 0
194.066 0
194.168 0
194.271 0
194.472 0
194.49 0
194.571 0
194.677 0
194.774 0
195.029 0
195.049 0
195.078 0
195.177 0
195.276 0
195.38 0
195.483 0
195.584 0
195.687 0
195.788 0
195.888 0
195.987 0
196.087 2
196.189 3
196.291 3
196.392 1
196.489 0
196.596 0
196.745 2
196.795 3
196.951 1
197.001 1
197.104 0
197.26 2
197.305 0
197.555 2
197.655 0
197.761 0
197.86 0
197.961 0
198.119 0
198.166 0
198.369 0
198.384 0
198.467 0
198.616 0
198.728 0
198.827 0
198.882 0
198.98 0
199.08 0
199.282 2
199.315 0
199.437 0
199.484 0
199.584 0
199.736 0
199.787 0
199.94 0
200.036 0
200.131 0
200.235 0
200.283 0
200.439 2
200.487 2
200.788 0
200.805 0
200.888 0
200.947 0
201.088 0
201.105 0
201.195 2
201.297 3
201.4 3
201.549 3
201.603 3
201.702 3
201.902 3
201.962 3
202.005 3
202.099 3
202.205 3
202.354 3
202.459 3
202.51 3
202.659 3
202.967 3
202.985 3
203.004 3
203.028 3
203.165 1
203.217 3
203.313 1
203.418 3
203.52 3
203.617 1
203.719 3
203.976 1
204.225 0
204.245 0
204.268 2
204.299 2
204.376 0
204.426 0
204.586 0
204.632 0
204.782 0
204.832 0
204.934 0
205.134 0
205.153 0
205.431 0
205.536 0
205.636 0
205.659 0
205.685 0
205.74 0
205.841 0
205.938 0
206.089 0
206.195 0
206.246 0
206.396 0
206.444 0
206.545 0
206.699 0
206.797 0
206.854 0
206.95 0
207.051 0
207.156 0
207.253 0
207.35 0
207.46 0
207.658 0
207.679 0
207.756 0
207.856 0
207.966 0
208.063 0
208.164 0
208.264 2
208.415 0
208.514 2
208.564 0
208.667 0
208.766 0
208.867 0
208.971 2
209.071 0
209.236 0
209.279 0
209.383 0
209.479 0
209.585 2
209.68 0
209.827 0
209.876 0
209.977 0
210.078 0
210.238 0
210.336 0
210.438 0
210.485 0
210.586 2
210.68 0
210.781 0
210.886 2
210.985 0
211.087 2
211.244 3
211.287 1
211.387 0
211.49 2
211.645 0
211.698 0
211.793 0
211.894 0
211.995 2
212.097 0
212.397 0
212.414 0
212.44 0
212.553 0
212.603 2
212.702 0
212.797 0
212.96 0
213.056 0
213.105 0
213.205 0
213.308 0
213.41 2
213.554 0
213.607 0
213.711 2
213.816 3
213.914 3
214.012 1
214.176 3
214.275 1
214.318 1
214.557 0
214.654 0
214.759 0
215.065 2
215.079 0
215.257 0
215.274 0
215.293 0
215.413 0
215.464 0
215.563 0
215.72 0
215.819 0
215.927 0
215.976 0
216.124 0
216.175 2
216.325 0
216.377 0
216.478 0
216.578 0
216.73 0
216.778 0
216.931 0
217.029 0
217.129 0
217.178 0
217.383 0
217.395 0
217.485 0
217.586 0
217.685 0
217.787 0
217.884 0
218.084 0
218.097 0
218.241 0
218.345 0
218.393 0
218.59 0
218.605 0
218.694 0
218.795 0
218.893 0
219.051 0
219.099 0
219.195 0
219.297 0
219.396 0
219.501 0
219.598 0
219.705 2
219.801 0
219.95 0
220.108 0
220.12 0
220.204 0
220.312 0
220.458 0
220.562 2
220.864 3
220.883 1
220.899 1
221.013 0
221.062 2
221.119 3
221.216 1
221.325 0
221.429 0
221.572 0
221.62 0
221.917 2
221.968 0
222.072 0
222.274 0
222.296 0
222.376 0
222.48 0
222.633 0
222.678 0
222.937 0
222.957 0
223.034 0
223.142 0
223.188 0
223.339 0
223.385 0
223.543 0
223.688 0
223.711 0
223.785 0
223.984 0
223.996 0
224.088 0
224.187 0
224.339 0
224.39 0
224.544 0
224.591 0
224.696 2
224.889 0
224.902 0
225.002 0
225.1 0
225.201 0
225.35 0
225.4 0
225.504 0
225.7 0
225.756 0
225.805 0
225.902 0
226.056 0
226.16 0
226.364 0
226.38 2
226.414 0
226.507 0
226.607 0
226.712 0
226.911 0
226.922 0
227.014 0
227.115 0
227.213 0
227.376 0
227.422 0
227.517 0
227.618 0
227.721 0
227.819 0
228.172 0
228.189 2
228.203 0
228.228 0
228.324 0
228.427 2
228.578 0
228.634 0
228.733 2
228.834 0
228.984 0
229.032 0
229.131 0
229.236 2
229.335 0
229.488 0
229.587 0
229.639 0
229.74 0
229.838 0
229.938 0
230.092 0
230.189 0
230.297 0
230.342 0
230.443 0
230.642 0
230.654 0
230.902 0
230.917 0
230.952 0
231.05 0
231.149 0
231.253 0
231.35 0
231.453 0
231.61 0
231.658 2
231.755 0
231.858 0
231.96 0
232.062 0
232.161 0
232.262 0
232.419 0
232.521 0
232.611 0
232.667 0
232.767 0
232.872 0
233.019 0
233.069 0
233.172 0
233.273 0
233.471 0
233.484 0
233.577 2
233.673 0
233.776 0
233.879 0
233.978 0
234.078 0
234.231 0
234.279 0
234.386 0
234.482 0
234.634 0
234.685 0
234.785 2
234.884 0
234.989 0
235.089 0
235.195 2
235.29 0
235.391 2
235.494 0
235.593 0
235.747 0
235.801 0
235.898 0
236.006 2
236.199 0
236.217 2
236.299 0
236.404 0
236.501 0
236.602 0
236.763 0
236.811 0
236.96 2
237.015 3
237.108 1
237.211 3
237.367 3
237.418 3
237.515 3
238.056 3
238.07 1
238.086 1
238.102 1
238.167 3
238.261 1
238.361 0
238.466 2
238.617 3
238.671 1
238.77 3
239.12 1
239.138 1
239.154 1
239.177 0
239.271 0
239.37 0
239.677 0
239.701 0
239.725 0
239.859 0
239.906 0
240.059 0
240.161 0
240.21 0
240.311 0
240.414 0
240.511 0
240.61 0
240.712 0
240.869 0
240.913 0
241.016 0
241.115 0
241.269 0
241.318 0
241.471 0
241.517 0
241.62 0
241.821 0
241.868 0
241.971 0
242.026 0
242.123 0
242.325 0
242.339 0
242.48 0
242.528 0
242.636 0
242.732 0
242.832 0
242.934 0
243.034 0
243.134 0
243.234 0
243.337 0
243.536 0
243.587 0
243.64 0
243.797 2
243.838 0
243.993 0
244.04 0
244.147 2
244.251 0
244.399 0
244.591 0
244.691 0
244.793 0
244.897 0
244.999 0
245.099 0
245.25 0
245.403 0
245.415 0
245.704 0
245.718 0
245.732 0
245.861 0
245.908 0
246.058 0
246.112 0
246.264 0
246.311 0
246.41 0
246.509 0
246.611 0
246.712 0
246.812 2
247.013 0
247.068 0
247.113 0
247.218 0
247.319 2
247.623 0
247.679 0
247.691 0
247.768 0
248.076 0
248.091 0
248.105 0
248.138 0
248.226 0
248.376 0
248.431 0
248.535 0
248.631 0
248.736 0
248.889 0
248.936 0
249.234 0
249.247 0
249.261 2
249.389 0
249.439 0
249.59 0
249.695 0
249.746 0
249.844 0
249.943 0
250.143 0
250.248 0
250.261 0
250.347 0
250.447 2
250.548 0
250.651 0
250.802 0
250.901 0
250.958 0
251.1 0
251.155 0
251.254 0
251.355 0
251.514 0
251.56 2
251.656 0
251.758 0
251.862 0
251.961 0
252.061 0
252.212 0
252.264 0
252.363 0
252.465 0
252.568 0
252.668 0
252.767 0
252.871 0
252.969 0
253.075 2
253.174 0
253.273 0
253.376 0
253.475 0
253.585 0
253.724 0
253.777 0
253.879 0
253.98 0
254.081 0
254.183 0
254.331 0
254.438 2
254.49 0
254.586 0
254.738 0
254.794 0
254.892 0
254.99 0
255.143 0
255.193 0
255.349 0
255.456 0
255.501 0
255.596 0
255.695 0
255.851 0
256.055 0
256.067 2
256.107 2
256.206 0
256.305 2
256.408 3
256.513 3
256.664 3
256.712 1
257.073 3
257.087 3
257.213 3
257.309 1
257.36 3
257.454 1
257.557 0
257.661 0
257.759 0
257.861 0
257.965 2
258.066 0
258.167 0
258.27 0
258.369 0
258.475 2
258.573 0
258.669 0
258.821 0
258.876 0
258.974 0
259.176 0
259.192 0
259.278 0
259.378 0
259.479 0
259.584 0
259.678 0
259.783 0
259.936 0
259.987 0
260.082 0
260.289 0
260.302 0
260.385 0
260.492 0
260.587 0
260.688 0
260.888 0
260.903 0
260.99 0
261.141 0
261.291 0
261.304 0
261.394 0
261.546 0
261.597 0
261.696 0
261.798 0
261.946 0
262.051 0
262.102 0
262.252 0
262.351 0
262.414 2
262.504 0
262.61 2
262.757 3
262.814 1
262.97 3
263.017 3
263.113 1
263.213 0
263.362 2
263.477 0
263.519 0
263.617 0
263.997 0
264.014 2
264.08 3
264.177 1
264.277 0
264.384 0
264.485 2
264.685 0
264.703 0
264.785 0
264.887 0
264.985 0
265.142 0
265.239 0
265.295 0
265.542 0
265.559 0
265.593 0
265.693 0
265.799 0
265.898 0
266.146 0
266.162 0
266.202 0
266.301 2
266.4 0
266.503 0
266.603 0
266.7 0
266.802 0
266.954 0
267.014 0
267.208 0
267.261 0
267.362 0
267.461 2
267.562 0
267.61 0
267.71 0
267.817 0
267.915 0
268.071 0
268.118 0
268.223 0
268.317 2
268.419 0
268.571 0
268.669 0
268.727 0
268.822 0
268.922 0
269.076 0
269.128 0
269.227 0
269.379 0
269.427 0
269.581 0
269.632 0
269.733 0
269.834 0
269.93 0
270.03 0
270.138 0
270.238 2
270.335 0
270.488 0
270.536 0
270.638 0
270.741 0
270.841 0
270.94 0
271.042 0
271.197 0
271.248 0
271.35 0
271.448 0
271.55 0
271.693 0
271.751 0
271.853 0
272.004 0
272.152 0
272.165 0
272.253 0
272.358 2
272.456 3
272.603 3
272.664 3
272.757 3
272.858 3
272.962 3
273.263 3
273.274 3
273.286 3
273.522 3
273.533 3
273.566 3
273.667 3
273.767 3
273.87 3
273.97 3
274.071 3
274.173 3
274.271 3
274.375 3
274.478 3
274.734 3
274.752 3
274.831 1
274.888 3
274.984 1
275.084 0
275.182 2
275.288 0
275.392 0
275.487 0
275.784 0
275.938 2
276.239 0
276.253 0
276.345 0
276.359 0
276.374 0
276.394 0
276.408 0
276.494 0
276.597 0
276.801 0
276.813 0
277.004 0
277.016 0
277.099 0
277.206 0
277.312 0
277.405 0
277.51 0
277.664 0
277.718 0
277.81 0
277.914 0
278.068 0
278.112 0
278.265 0
278.416 0
278.428 0
278.514 0
278.616 0
278.824 0
278.836 0
278.923 0
279.018 0
279.225 0
279.278 0
279.323 0
279.422 0
279.526 0
279.626 0
